51023.061788939082792 1420 1.2889694669305761908e-07 0.23366856870362345822 2.8204178581015667858e-05 0.63191531749907881021 1.2597079868560328426e-07 2.7563902739934241654e-05 -18469357165
51024.068899796824343 1420 1.4111590358721904037e-07 0.37121557079411421354 3.0877831069753966273e-05 0.64676395640708506107 1.3832718659026796343e-07 3.0267626761491960169e-05 -18450317844
51035.041865562177211 1408 3.6698839139395437595e-07 0.18520529150107994942 8.03014066165792709e-05 0.8085471446393057704 3.6554435686342992507e-07 7.9985434758277228362e-05 -18242871574
51138.732632400752863 1420 -6.0083877214362215277e-08 0.16911830178901393618 -1.314706396288099235e-05 0.33734284259844571352 -5.4667799948882523773e-08 -1.196196210963130903e-05 -16282549001
51222.531070831255224 1420 -6.0640650705740524002e-08 0.19131387822110551555 -1.3268892597172879633e-05 0.57285007322207093239 -5.8477212653883486221e-08 -1.2795506727848583576e-05 -14698319721
51250.447199679193702 1420 1.2501276957009195727e-08 0.1542757271899892757 2.7354274622644251013e-06 0.98443983169272542 1.175656775479203168e-08 2.5724762685462741872e-06 -14170554179
51281.337616892019692 1420 9.9496902220032401589e-08 0.1542757271899892757 2.1771100638668513837e-05 0.43988189648371189833 9.6498297843866090256e-08 2.1114970485945781947e-05 -13586556039
51307.271715615662849 1420 -8.6847311242354993301e-08 0.29103436223236595071 -1.9003220312063121255e-05 0.82224900368601083755 -9.1169582745330689224e-08 -1.994898450953365278e-05 -13096272592
51342.188189147717001 1420 3.9993903069870397524e-07 0.27404561664073373572 8.7511396761053702773e-05 0.3370504286140203476 3.9484624107925562229e-07 8.639703407374731291e-05 -12436151845
51364.100667616509153 1420 3.0726472482469368506e-07 0.33496417718914361927 6.723316100915101821e-05 0.6601235800189897418 3.0293347524941315495e-07 6.6285432303124657154e-05 -12021900905
51398.020414707755872 1420 -2.0199334969598926647e-07 0.29966814979239952965 -4.4198537305694543778e-05 0.16022947197780013084 -2.0431008610666324628e-07 -4.4705466671580830333e-05 -11380625011
51474.808603561787187 1420 1.6165606210166733464e-07 0.18520529150107994942 3.5372261028621806742e-05 0.29237900034058839083 1.6589177224995868919e-07 3.6299084576462013903e-05 -9928916719
51503.747247940454407 1410 -1.38887601724347984e-07 0.33496417718914361927 -3.0390252230338291286e-05 0.71904452110175043344 -1.3284945211753213894e-07 -2.906903358103186798e-05 -9381835485
51534.641042559958727 1410 8.65977695959624302e-07 0.24145600013252932481 0.00018948617644282197113 0.17453638161532580853 8.7149378728797386379e-07 0.00019069316255758571465 -8797764786
51558.574814031734203 1410 -1.8059070601515314805e-07 0.44564672106950364849 -3.9515385377219417151e-05 0.52741106832399964333 -1.761833317991813994e-07 -3.8550999698195988056e-05 -8345295435
51587.483722146848777 1410 3.3660421718784074318e-07 0.16462381358722072422 7.3652989432682744206e-05 0.95363816362805664539 3.3809459077288213409e-07 7.3979100824948949999e-05 -7798764333
51621.388899217785436 1410 1.7368455916751759326e-07 0.15716551784663199132 3.8004238651135466043e-05 0.45352923811879009008 1.727580689402172729e-07 3.7801511616129977885e-05 -7157770360
51657.309500280164979 1410 6.8802118835681884796e-07 0.16062689687595910204 0.00015054718487744824493 0.98313531628809869289 6.841676636714845265e-07 0.00014970398803547545361 -6478682761
51661.317483957397602 1410 3.725101136871751881e-07 0.19131387822110551555 8.1509624853149517425e-05 0.042228217120282351971 3.6862587235631645711e-07 8.0659706845330624169e-05 -6402907841
51685.234300144658835 1465 5.3033818220797820149e-07 0.20445292856792246505 0.00011604427554784481877 0.39485291857272386551 5.2532836494008035765e-07 0.0001149480681937752201 -5950748915
51745.096361553554097 1410 3.8231406888769516003e-07 0.21863439802556228209 8.3654846368242516161e-05 0.27744704671204090118 3.7853642553939651106e-07 8.2828253261545291423e-05 -4819033759
51763.019401387089289 1410 6.2831161237325879963e-07 0.21142611002428246536 0.00013748202245705900247 0.54170072160195559263 6.2571771123229271226e-07 0.0001369144461654690935 -4480200950
51797.892050508915567 1410 9.496086919874381767e-07 0.50259426976438958956 0.00020778562889217712916 0.055856008315458893776 9.5033284113595639829e-07 0.00020794408130263440802 -3820918184
51833.803460386550132 1410 1.9439254009069825246e-07 0.16062689687595910204 4.2535390140708414816e-05 0.5853265735786408186 1.9791278204572218141e-07 4.3305660773916719734e-05 -3142005841
51860.732930178236039 1410 5.292108615737863321e-07 0.2260553029681011683 0.00011579760444119304417 0.98236923059448599815 5.3417545818475163114e-07 0.00011688391697993615202 -2632893014
51908.622536128644068 1410 3.2331377724227683492e-07 0.16062689687595910204 7.0744883761742613257e-05 0.68844389647711068392 3.2879215651043113724e-07 7.1943618031077170997e-05 -1727528687
51936.52952231090951 1410 3.353094544660349775e-07 0.16911830178901393618 7.3369680014091073514e-05 0.099898857413791120052 3.3877156444201384418e-07 7.4127230681774057701e-05 -1199927403
51947.526955526733712 1410 3.4457920812964488237e-07 0.15716551784663199132 7.5398011905870162861e-05 0.2620427887886762619 3.466459531740818473e-07 7.5850240199947115287e-05 -992013843
51957.486772803202598 1410 3.0415354012805164084e-07 0.17944637081869335704 6.655239694891636724e-05 0.40888832067139446735 3.0597660324842408702e-07 6.6951304751859829089e-05 -803722935
52013.312618913263403 1410 3.7863267476507972537e-07 0.16911830178901393618 8.2849313732092496918e-05 0.2319733066251501441 3.7521851864967818208e-07 8.2102255937065314761e-05 251686595
52023.327721155522802 1410 3.1076095957037208553e-08 0.20445292856792246505 6.799817858061515706e-06 0.37963394890539348125 2.6960733690310814765e-08 5.8993278520978896629e-06 441023765
52042.263223339683723 1410 1.4653490176981870821e-07 0.15199013125857877005 3.2063572054264596642e-05 0.65881516400258988142 1.4175273682605779378e-07 3.1017177725011101249e-05 798995069
52075.188992557464491 1410 1.561612532427862453e-07 0.19131387822110551555 3.4169931770245539934e-05 0.14426604704931378365 1.5111055665029671438e-07 3.3064779535784004512e-05 1421478989
52076.195232217978461 1410 3.5067325135843670334e-07 0.15716551784663199132 7.67314607416642783e-05 0.15910184115637093782 3.4558437717607684749e-07 7.5617954798366958535e-05 1440502712
52077.179015107059961 1410 1.0005186982400757115e-06 0.43623502839639088924 0.00021892534123407816047 0.1736065371660515666 9.9538906527205789088e-07 0.00021780291678573525537 1459101825
52078.178307777039919 1410 1.4909211446616274846e-07 0.24940128307609005232 3.2623120479636355285e-05 0.18833990616258233786 1.4422789160414163207e-07 3.1558770905980458736e-05 1477994110
52079.171348083885974 1410 2.1038218032262991e-07 0.16911830178901393618 4.6034112803406543077e-05 0.20298109168652445078 2.0517144543479175404e-07 4.4893942294442644599e-05 1496768136
52083.159120162595926 1410 3.1082828798308060513e-07 1.3184464342551047711 6.801291083474782759e-05 0.26177599676884710789 3.0552896944850141869e-07 6.6853357174699744469e-05 1572158794
52085.166017597122455 1410 7.493137095301727959e-08 0.16062689687595910204 1.6395871445363382789e-05 0.29136528668459504843 6.9952390869577567551e-08 1.5306411632486237467e-05 1610099747
52089.112785900211012 1410 3.0522626597742595439e-07 0.15199013125857877005 6.6787122070034029872e-05 0.34955564048141241074 3.0036314667012564055e-07 6.5723013967221454045e-05 1684713811
52136.034796693941196 1410 3.3305351844324246283e-07 0.16462381358722072422 7.2876054493187922032e-05 0.041364279109984636307 3.3132565213243657389e-07 7.2497976879680613315e-05 2571785896
52168.903487694321385 1410 3.2594552456481082256e-07 0.18520529150107994942 7.1320741246106564053e-05 0.52597361244261264801 3.2712695270620697536e-07 7.1579251716179391622e-05 3193177739
52209.804643167194833 1410 3.2667310533335954198e-09 0.15716551784663199132 7.1479944535670334305e-07 0.12901197781320661306 7.6420502259651213218e-09 1.6721711012400596153e-06 3966433603
52213.76183412421339 1410 1.4446486587843068811e-07 0.17407182425654071922 3.1610623683898239375e-05 0.1873560009989887476 1.4901232296144758548e-07 3.26056611533608197e-05 4041247204
52231.739917284237233 1410 4.1052841759135852327e-07 0.15199013125857877005 8.9828480032972521134e-05 0.45242122362833470106 4.1601542994107631657e-07 9.102910332280266124e-05 4381125225
52259.637484777288336 1410 4.5558107439849907877e-07 0.15716551784663199132 9.9686534942245571853e-05 0.86373731726780533791 4.6088506708167684516e-07 0.00010084711136136724639 4908530146
52278.608472844343488 1410 1.0025318896329262723e-06 0.3529886683733629571 0.00021936585135490307117 0.14344172901473939419 1.007194906144748262e-06 0.00022038617459606434244 5267194076
52281.574222529374047 1410 6.356077954393834832e-08 0.54092605779348434947 1.3907851372730447891e-05 0.18716814264189451933 6.7831853321474855236e-08 1.4842412901493339122e-05 5323263684
52293.583404547447529 1410 -6.5960631023760043277e-07 0.44564672106950364849 -0.0001443296730015412951 0.36422909388784319162 -6.5573179292595050411e-07 -0.00014348188272429575187 5550300683
52308.495269503201111 1410 -1.3014421159389341519e-08 0.2260553029681011683 -2.8477094913818920214e-06 0.58408661524299532175 -1.040515531335799209e-08 -2.2767712203454316831e-06 5832205828
52315.518486041916081 1410 4.8129703340547488935e-07 0.16062689687595910204 0.00010531349135062330867 0.68763549975119531155 4.8366404093381413003e-07 0.00010583142063246163564 5964978955
52328.449052226389067 1410 8.7835225912073913922e-08 0.16062689687595910204 1.9219387742575719002e-05 0.8782811526907607913 8.8658445594567007089e-08 1.9399517959249755624e-05 6209436866
52357.369335390870848 1400 9.7104287515943654488e-08 0.18520529150107994942 2.1247568203486963157e-05 0.30467595939990133047 9.5299525678452843246e-08 2.085266493799685526e-05 6756196783
52379.353873442920481 1410 1.5512433161324241393e-07 0.19131387822110551555 3.3943041036488949303e-05 0.62881154275964945555 1.5162869117864458864e-07 3.3178153507328210655e-05 7171810429
52414.246993905733074 1410 1.2965547742039734015e-07 0.15716551784663199132 2.8370154088131613078e-05 0.14326865482144057751 1.2496675093284599615e-07 2.7344205199773973108e-05 7831486878
52462.117837866212632 1410 4.6302086208328876891e-07 0.18520529150107994942 0.00010131444860389595384 0.84906669775955379009 4.5878029103828706394e-07 0.00010038656143428347099 8736490366
52470.069102957867418 1410 1.733043544314676899e-07 0.1542757271899892757 3.7921045351774892752e-05 0.96629854233469814062 1.6918546951831613547e-07 3.7019784549051514152e-05 8886815830
52506.998577722336059 1410 2.844564641681768346e-07 0.16462381358722072422 6.2242443438387936891e-05 0.51077925041317939758 2.8294323197666586555e-07 6.1911330312290778643e-05 9584982163
52509.950654384009219 1410 2.9581996040622597332e-07 0.2260553029681011683 6.4728911003564945401e-05 0.55430407181847840548 2.9474450899593461269e-07 6.4493589497437319046e-05 9640790275
52542.89789534262151 1410 4.5049232795520880638e-07 0.34394912414483630458 9.8573056949769607724e-05 0.040071529918350279331 4.524709507260648504e-07 9.9006003046674272298e-05 10263672401
52574.781388384134178 1410 4.0969819529405871897e-07 0.52172885678290792377 8.9646817561240396448e-05 0.51015530386939644814 4.1412350902858031217e-07 9.0615128619396677494e-05 10866439497
52602.716157910063558 1410 -6.4118090874240331106e-08 0.20445292856792246505 -1.4029797692548953948e-05 0.92201989679597318172 -5.9162538839819161266e-08 -1.2945464214276903986e-05 11394552149
52606.71620152805961 1410 2.8316510147560502927e-07 0.16911830178901393618 6.1959877986462316454e-05 0.98099573096260428429 2.8852203984629158162e-07 6.3132039549095174551e-05 11470176777
52629.630262677008901 1410 -8.5232660101634264192e-07 0.47402637057446500579 -0.00018649915518681379503 0.31883601495064795017 -8.4701814423610219404e-07 -0.00018533760197038241635 11903382885
52723.386519396411448 1410 -1.9895332156233016414e-08 0.16462381358722072422 -4.3533343144212896198e-06 0.70115930470637977123 -2.1126270477996245881e-08 -4.6226781983528376798e-06 13675863909
52726.386300328848765 1410 4.5814247983498148905e-08 0.21142611002428246536 1.0024700078881806674e-05 0.74538746813777834177 4.3601108551586061153e-08 9.5404389589425085811e-06 13732575342
52760.288711282294898 1410 -4.1141275223230130989e-08 0.47402637057446500579 -9.0021982926395768489e-06 0.24523775943089276552 -4.5336723141870132363e-08 -9.9202119877696127863e-06 14373526149
52777.26382008972983 1410 -1.7495812946805736955e-07 0.38039584645471613555 -3.8282910916952886637e-05 0.49551533104386180639 -1.7971266190039118327e-07 -3.9323258925428995606e-05 14694440033
52795.179057364094216 1410 2.2456505728135415862e-07 0.41749371252750622219 4.9137494262774935902e-05 0.7596539666410535574 2.1874441201494093466e-07 4.7863868139251685023e-05 15033125999
52799.193184541610584 1410 -1.2813887898737236513e-07 0.20445292856792246505 -2.8038304388521709499e-05 0.81883744592778384686 -1.3271308517485760215e-07 -2.9039194878856101752e-05 15109014920
52800.194455858377125 1410 1.0744236320133205264e-07 0.17944637081869335704 2.3509661606747186723e-05 0.83359998778905719519 1.0251106250095194836e-07 2.2430634607594078661e-05 15127944561
52802.18333639792143 1410 2.3886386775522953443e-07 0.19131387822110551555 5.2266243348365179245e-05 0.86292364029213786125 2.3392917533864538168e-07 5.118647420153542447e-05 15165545712
52829.091021450109224 1410 -4.379504376200069799e-08 0.29966814979239952965 -9.5828742799335206133e-06 0.25964510743506252766 -4.801568016127370634e-08 -1.0506399512956300495e-05 15674257476
52860.996774175050696 1410 -1.0294906826957948451e-07 0.16911830178901393618 -2.2526475457473197042e-05 0.73005707364063709974 -1.0515580666845942197e-07 -2.3009335955571764824e-05 16277432661
52878.944433047928488 1410 6.9457253225586868261e-08 0.18520529150107994942 1.5198069651612541619e-05 0.99467372673097997904 6.8956714337941546122e-08 1.50885458146553396e-05 16616745555
52945.76440208726828 1410 -4.8467797875470408568e-08 0.16062689687595910204 -1.0605328223666646539e-05 0.97985383786726742983 -4.3871285602943486724e-08 -9.5995568977337421176e-06 17879999358
53036.518102187729493 1410 -2.2246759419626623652e-07 0.1542757271899892757 -4.8678544497581669151e-05 0.31790804001502692699 -2.191236227666226241e-07 -4.7946843943059826014e-05 19595737195
53084.385690629250607 1410 -1.604056053212713096e-07 0.1542757271899892757 -3.5098646274766423758e-05 0.023658084217458963394 -1.6135006000621121017e-07 -3.5305304145872974509e-05 20500684347
53106.323745104123152 1410 -3.0959340150770953787e-07 0.16062689687595910204 -6.7742703048045285999e-05 0.34710832312703132629 -3.1258891343674862854e-07 -6.839815653670989883e-05 20915436273
53119.291480872270611 1410 -2.6420811543470478817e-07 0.17407182425654071922 -5.7811864915768154915e-05 0.53830199700314551592 -2.6839588211370620919e-07 -5.8728197864689314478e-05 21160588487
53149.237585785310092 1410 -6.9571545200525051718e-07 0.16062689687595910204 -0.00015223078089393536097 0.9798213121248409152 -7.0074958488564062028e-07 -0.00015333230879201033127 21726729749
50858.504069799662954 1429.5619999999998981 -2.1942978030162647599e-07 0.17151093259614674791 -4.8013834837822713911e-05 0.20570958335883915424 -2.1706737819185841872e-07 -4.7496913276113951326e-05 -21580365793
50865.452255023537543 1419.5619999999998981 -1.7315579807892173353e-07 0.14634206503941371569 -3.7888539462348916586e-05 0.30815222125966101885 -1.7163923013662799774e-07 -3.7556696434472137806e-05 -21449007864
50865.467962436835951 1419.5619999999998981 -1.1776055992418053899e-07 0.15784802817900511762 -2.576740525755892044e-05 0.30838380812201648951 -1.159367756484632369e-07 -2.5368339657284700987e-05 -21448710913
50873.466325883920167 1399.125 -3.3979819715438454863e-07 0.16648123017325405781 -7.4351870078592100202e-05 0.42631006136070936918 -3.3858196235674733964e-07 -7.4085743499886626125e-05 -21297502292
50893.435844800143066 1419.125 -2.7228778197090188633e-07 0.15784802817900511762 -5.9579791648777672114e-05 0.72073661000467836857 -2.7289881765213596381e-07 -5.9713493492886805651e-05 -20919982111
50900.42146578282939 1419.125 -6.3782826675200347967e-07 0.17151093259614674791 -0.00013956437914958084469 0.82373119320254772902 -6.3924473527534012494e-07 -0.00013987431923902072918 -20787916219
50970.238025651002175 1419.125 -2.6603917665521589354e-07 0.17696327302578915286 -5.8212522797750779446e-05 0.85309243365190923214 -2.7077630160291422324e-07 -5.9249061842415863395e-05 -19468009573
50971.200018214427196 1419.5619999999998981 1.83183359666032146e-07 0.15138031576133006983 4.0082688703203103487e-05 0.86727585748303681612 1.7827791248867799938e-07 3.9009318761095023039e-05 -19449822404
50981.20788810477341 1419.5619999999998981 5.3508605583279447205e-08 0.15784802817900511762 1.1708316653036973419e-05 0.0148298672866076231 4.8820161738745107255e-08 1.068242961031905401e-05 -19260614453
50893.433703376561905 1419.125 -2.7710727768837616427e-07 0.15784802817900511762 -6.0634354393462189491e-05 0.72070503735449165106 -2.777172493017815207e-07 -6.0767823406927669168e-05 -20920022595
50984.174094135396441 1419.125 -6.3332453316270218426e-07 0.15784802817900511762 -0.00013857890889840061313 0.058563009253703057766 -6.3816360910923985308e-07 -0.00013963775602911078346 -19204535397
50985.149632339102883 1419.125 -2.0594102471448467514e-07 0.24762067765031256505 -4.5062335355671593009e-05 0.072946147178299725056 -2.1044678141367546348e-07 -4.6048248287257188675e-05 -19186091911
50986.140527056008192 1409.125 -2.1400782268037817762e-07 0.15138031576133006983 -4.6827446293084421216e-05 0.087555698584765195847 -2.1849974649779559183e-07 -4.7810332426302516577e-05 -19167358118
51011.071986256722703 1419.125 -6.7289894184999829753e-08 0.30694624936623676748 -1.4723825823514261302e-05 0.45514009136240929365 -7.0585273729020381734e-08 -1.5444893897943580267e-05 -18696021199
51012.065650127842439 1419.125 -4.6453051946026325562e-08 0.14905032707109366896 -1.0164477951823272762e-05 0.4697904705535620451 -5.0086140017187232502e-08 -1.0959440651782238601e-05 -18677236264
51014.085229241032302 1409.125 7.495775235344264185e-08 0.17151093259614674791 1.6401644008235535565e-05 0.49956673663109540939 7.1535515972966747791e-08 1.5652818155508106831e-05 -18639056732
51015.088216320027126 1419.125 1.1235032618312859472e-07 0.15432433379088339453 2.4583582036664239111e-05 0.51435457519255578518 1.0917309142021573092e-07 2.3888365439638113857e-05 -18620095574
51020.057706416592218 1419.125 -2.1912322603753307964e-08 0.15784802817900511762 -4.7946757134036207781e-06 0.58762373228091746569 -2.5316569587499886149e-08 -5.5395652730617762797e-06 -18526148783
51025.062168944205514 1419.125 -5.8544486961339454091e-08 0.15138031576133006983 -1.281022714311117774e-05 0.66140851576346904039 -6.0859194992714934345e-08 -1.3316712675582999108e-05 -18431540154
51029.030095576786209 1419.125 1.0373383742734170824e-07 0.19548913013259841542 2.2698192243931344691e-05 0.71991082374006509781 1.0157787501516355514e-07 2.2226442133109634997e-05 -18356526239
51033.028736331013985 1419.125 -9.7443947097092703701e-08 0.15784802817900511762 -2.13218897427418316e-05 0.77886597439646720886 -9.9676422636579832451e-08 -2.1810381832033777353e-05 -18280930746
51038.032694566926207 1419.125 -6.733036201461087859e-08 0.15784802817900511762 -1.4732680663930722531e-05 0.8526433226652443409 -6.8673625996543477802e-08 -1.5026602732682982205e-05 -18186328093
51041.999971158259839 1419.125 2.4164191906424554037e-08 0.15138031576133006983 5.2874113877783482697e-06 0.91113604651764035225 2.2593200783085818467e-08 4.9436599233053534051e-06 -18111323581
51044.994953761625805 1419.125 1.431475582195038944e-07 0.14905032707109366896 3.132238116604415232e-05 0.9552934643579646945 1.4155503634869338059e-07 3.097391851901597369e-05 -18054700676
51055.95149823408757 1419.125 -1.3840182982144707216e-07 0.15432433379088339453 -3.0283959584542089162e-05 0.11683454038575291634 -1.3839465872025402195e-07 -3.0282390462667131544e-05 -17847556650
51060.963426231521662 1419.125 4.7189044934777286018e-07 0.31577840331472956104 0.0001032552193480092054 0.19072939327452331781 4.7202053690924301971e-07 0.00010328368404720499206 -17752802406
51064.938299212815089 1419.125 -5.4079608473846302098e-08 0.14905032707109366896 -1.18332588484031195e-05 0.24933411681558936834 -5.3433248502728530222e-08 -1.1691827631289520978e-05 -17677655415
51068.919349897491937 1419.125 -3.985307148202484138e-08 0.15784802817900511762 -8.7203240566873038377e-06 0.30802992300596088171 -3.8834902935068168461e-08 -8.4975367195107133377e-06 -17602392580
51072.906663790169237 1419.125 -1.9605852855578628685e-09 0.16648123017325405781 -4.2899928148696666646e-07 0.36681807273998856544 -1.4963632802450889592e-10 -3.274220085182201726e-08 -17527012249
51138.738420035885795 1419.5619999999998981 4.8431788337912727641e-08 0.17151093259614674791 1.0597448910355097594e-05 0.33742817433085292578 5.4154433520482858549e-08 1.1849631454828745009e-05 -16282439586
51250.44931765702016 1419.5619999999998981 2.6682785293703670252e-07 0.15784802817900511762 5.8385094509228593648e-05 0.98447105870582163334 2.6608324349117848109e-07 5.8222165143383285287e-05 -14170514137
51281.326136205184156 1419.5619999999998981 3.3016171876248997988e-07 0.14905032707109366896 7.2243294472807547987e-05 0.43971262755803763866 3.2747018108520882097e-07 7.1654354150672992951e-05 -13586773079
51307.280281783511366 1419.5619999999998981 4.4068494778636513846e-07 0.37923080043688428553 9.6427086011042348088e-05 0.82237530150450766087 4.3636242689249208604e-07 9.5481267243889710187e-05 -13096110644
51342.183386643717355 1419.5619999999998981 1.1344127971588441715e-06 0.45411011880379847927 0.00024822295590792921837 0.33697962143924087286 1.1293204730690708839e-06 0.00024710869508402942705 -12436242637
51364.103944189389956 1419.5619999999998981 2.6345464153757209066e-07 0.18898677202386413021 5.7646995902994177289e-05 0.6601718891179189086 2.5912395724832556864e-07 5.6699390888247257355e-05 -12021838962
51371.076457747512062 1409.125 7.7535168740378245652e-07 0.34266018152099320115 0.0001696561324039953714 0.76297321903984993696 7.7046406336255938812e-07 0.00016858666237516849327 -11890022561
51398.005438585185864 1419.125 8.3374194397517703539e-07 0.28091991741419830575 0.00018243261211109486872 0.16000866703689098358 8.3142504130390481793e-07 0.00018192564636542051126 -11380908146
51534.641354818904738 1409.125 8.7674442471938906048e-07 0.16191355718407277053 0.00019184206421568663323 0.17454098549205809832 8.8226049942167879853e-07 0.00019304904669247156967 -8797758883
51558.574188656177775 1409.125 4.9343234459266293893e-07 0.22408926792686884033 0.00010796884116798312867 0.52740184788126498461 4.9753139684223284075e-07 0.00010886576234901844549 -8345307258
51587.483305001508484 1409.125 4.7588898348326917207e-07 0.14905032707109366896 0.00010413014597515714819 0.9536320132901892066 4.7768493573484148823e-07 0.00010452312159890829611 -7798772220
51621.390496990877015 1409.125 4.5133757189755938417e-07 0.14905032707109366896 9.8758006335353939773e-05 0.45355279534123837948 4.5041104010510950438e-07 9.8555270205401433885e-05 -7157740155
51657.308389492896644 1409.125 3.7365708736320748908e-07 0.15784802817900511762 8.176059627812494988e-05 0.98311893909703940153 3.6949583093659506449e-07 8.0850064086411698043e-05 -6478703762
51658.328634205122036 1409.125 6.2256369253613563764e-07 0.19548913013259841542 0.00013622430951881827319 0.99816122080665081739 6.1847744457841813786e-07 0.00013533019006849321563 -6459415022
51659.320091762285237 1409.125 3.0161460778448383237e-07 0.16648123017325405781 6.5996848481243005932e-05 0.012779070530086755753 2.9760127341212346265e-07 6.5118683386976449072e-05 -6440670527
51661.317043698316922 1409.125 6.0887230684489167671e-07 0.16648123017325405781 0.00013322847216995572203 0.042221726034767925739 6.0498805720100303385e-07 0.00013237855234314742525 -6402916165
51685.225631125856154 1499.125 2.3194859900576004506e-07 0.1828004376362376282 5.075310064212092662e-05 0.39472510432824492455 2.2693855728605458035e-07 4.9656844175337432205e-05 -5950912802
51720.121865909843766 1409.125 3.5973361850288356481e-07 0.15432433379088339453 7.8713976383094205506e-05 0.90922813327051699162 3.5460189065132794955e-07 7.7591093549421606845e-05 -5291196419
51720.121865909843965 1409.125 3.7692364258890263576e-07 0.15432433379088339453 8.2475357250311872907e-05 0.90922813327051699162 3.7179191473734702048e-07 8.1352474416639274239e-05 -5291196419
51786.9309287306172 1409.125 1.669935541433672018e-07 0.16648123017325405781 3.6540167504151696318e-05 0.89424744539428502321 1.6654820961782183011e-07 3.6442720847339337016e-05 -4028148666
51789.916117456531619 1409.125 2.2904838965612295298e-07 0.15432433379088339453 5.0118500486585190502e-05 0.93826046434696763754 2.2877117304315920794e-07 5.0057842208338519814e-05 -3971711030
51790.907850806605193 1409.125 3.2558740651010805464e-07 0.17696327302578915286 7.1242380774217536658e-05 0.95288238022476434708 3.2533019416449851823e-07 7.1186099666596823631e-05 -3952961374
51797.893891116037079 1409.125 3.6888431710861043022e-07 0.21660101569475614935 8.0716257618130412863e-05 0.055883145891129970551 3.6991547996044811603e-07 8.094188826311842098e-05 -3820883386
51833.79295268655256 1409.125 1.4760860232195019013e-07 0.15138031576133006983 3.2298510451889825035e-05 0.58517165016382932663 1.5112949892807967989e-07 3.3068924330513659186e-05 -3142204487
51860.723046773796376 1409.125 -4.6694201513353936807e-08 0.20227703774773844736 -1.0217244333309708182e-05 0.98222351167351007462 -4.1730159797135255949e-08 -9.1310532121092870133e-06 -2633079870
51860.785116206093232 1409.125 2.9852167434501332835e-07 0.15784802817900511762 6.5320078012243839891e-05 0.98313865077216178179 3.0348921169030995622e-07 6.6407034018488452091e-05 -2631906386
51860.774294873350883 1409.125 3.3176854847067289589e-07 0.16191355718407277053 7.2594887844113628359e-05 0.98297910322435200214 3.3673620012013081216e-07 7.3681868861462539315e-05 -2632110974
51908.624099174397397 1409.125 3.7253914694414244117e-07 0.15138031576133006983 8.1515977673641401322e-05 0.68846694170497357845 3.7801768623812254727e-07 8.271474695852197732e-05 -1727499138
51936.530552860611284 1409.125 2.476850711073689858e-07 0.15432433379088339453 5.4196427119402443041e-05 0.099914051592350006104 2.5114719147463524231e-07 5.4953980060822181656e-05 -1199907920
51949.508716971264501 1402.125 7.2905478407935317333e-07 0.29818786024920601596 0.00015952582161998864727 0.29126147879287600517 7.3116585212102282306e-07 0.00015998774831081795531 -954548094
51985.427876013852213 1409.125 -1.7531377543549009111e-07 0.31577840331472956104 -3.8360730466868034582e-05 0.8208462961483746767 -1.7608945690890145509e-07 -3.8530458760356446475e-05 -275497582
52013.316912723974365 1409.125 1.2447191671444708062e-07 0.15432433379088339453 2.7235929612013506685e-05 0.23203661374282091856 1.2105771279912354398e-07 2.6488861357797254133e-05 251767771
52042.264763225513622 1409.125 2.6824382379147268544e-07 0.15138031576133006983 5.8694925702818664697e-05 0.65883786766789853573 2.6346146349150884176e-07 5.7648488627314185976e-05 799024180
52089.112624380359762 1409.125 3.9587104535480883276e-07 0.15138031576133006983 8.6621273386933836133e-05 0.34955325908958911896 3.9100789071713139341e-07 8.5557157553416295237e-05 1684710757
52114.076914198008975 1409.125 3.3872519117001382938e-07 0.16191355718407277053 7.4117083660619328708e-05 0.7176216997904703021 3.354387315070887284e-07 7.3397967361820014453e-05 2156656407
52135.984904798275323 1409.125 5.1295901472543682624e-08 0.20227703774773844736 1.1224150786526962164e-05 0.040628683054819703102 4.9565815582751320791e-08 1.0845587502848906698e-05 2570842640
52168.900559504034621 1409.125 1.4142002747351538603e-07 0.1828004376362376282 3.0944376978093287889e-05 0.52593043982051312923 1.4260161356247986463e-07 3.1202922008964782837e-05 3193122382
52213.757274926143634 1409.125 8.7468604666900028177e-08 0.15138031576133006983 1.9139166671900539639e-05 0.18728878116235136986 9.170926938101886529e-08 2.0067074337425260129e-05 4041161009
52213.80113830714189 1409.125 2.3468497412276499832e-07 0.14905032707109366896 5.1351851927117905561e-05 0.18793549388647079468 2.3923103461675669924e-07 5.2346583806360690176e-05 4041990274
52259.625320083052809 1409.125 3.6542546695325107259e-07 0.15432433379088339453 7.995942023780801797e-05 0.86355796351563185453 3.7073172909359478317e-07 8.1120493241036860525e-05 4908300163
52308.495095497676559 1409.125 8.9497175165087573425e-08 0.14736349615830915405 1.9583041923122010174e-05 0.58408404979854822159 9.2106457637178746625e-08 2.0153983832137277604e-05 5832202538
52328.448854957031756 1409.125 8.0899980951726168531e-08 0.15138031576133006983 1.7701874004794745686e-05 0.87827824417036026716 8.1723732668133622237e-08 1.7882120636790609242e-05 6209433136
52385.297428619856294 1409.125 1.7073569469293498608e-07 0.28950993074504371982 3.7358992177994451467e-05 0.71644211839884519577 1.671414035323728394e-07 3.657251870158183414e-05 7284173360
52385.338438047715755 1409.125 2.8299840028678202962e-07 0.67595561984497176677 6.1923401791953011395e-05 0.71704675315413624048 2.7939388409942826624e-07 6.1134690958574032664e-05 7284948650
52414.246670643174756 1409.125 1.697518309768037511e-07 0.14905032707109366896 3.7143711144105992262e-05 0.14326388866174966097 1.6506312111531223087e-07 3.611776589372715938e-05 7831480766
52444.168697251513596 1409.125 2.0582517683765326515e-07 0.1828004376362376282 4.5036986468128389657e-05 0.58442819816991686821 2.0063874924927745653e-07 4.390213468418045926e-05 8397158544
52470.071800278222167 1409.125 2.2479931846427103542e-07 0.15138031576133006983 4.9188753384166858141e-05 0.96633831108920276165 2.2068058318565789491e-07 4.8287525323252743366e-05 8886866825
52509.950607912416622 1409.125 2.7845595291718109277e-07 0.19548913013259841542 6.092946050712046677e-05 0.55430338659789413214 2.7707426611099576805e-07 6.0627131069345018148e-05 9640789396
52542.894944397508631 1409.125 7.6240752137923092397e-08 0.18898677202386413021 1.668237955682118887e-05 0.040028021787293255329 7.8219275152420193795e-08 1.7115303825853010894e-05 10263616610
52574.785451475182878 1409.125 -2.7805095621791335445e-07 0.53048656910425173727 -6.0840842432573908027e-05 0.51021520921494811773 -2.7362585862216947022e-07 -5.9872578668142119166e-05 10866516308
52602.714815020700311 1409.125 6.5587587679784574269e-08 0.16648123017325405781 1.4351340998198366705e-05 0.92200009746011346579 7.0543189592385215409e-08 1.5435685390406837941e-05 11394526760
52629.629845618733082 1409.125 -4.1975005916459028197e-07 0.33364052511647923627 -9.1846284429541328005e-05 0.31882986589334905148 -4.1444166888858912923e-07 -9.0684745765025177711e-05 11903375000
52664.530922943662091 1409.125 -3.5312810439290729894e-08 0.20932271735289506576 -7.726861166067891774e-06 0.83340429235249757767 -3.1435541514739967732e-08 -6.8784688033297748538e-06 12563178892
52706.417213415589114 1409.125 1.4414447339259678646e-07 0.23176712450216058192 3.1540518013296178521e-05 0.45096728880889713764 1.4420238722837197352e-07 3.1553190246490380052e-05 13355062531
52723.379712793695607 1409.125 -1.1733805849193897241e-07 0.15432433379088339453 -2.5674956940113105829e-05 0.70105894946027547121 -1.1856879730098431669e-07 -2.5944257168298968792e-05 13675735229
52795.181233652322565 1409.125 4.8558611922248422189e-08 0.25576551761330140744 1.0625199412695593181e-05 0.75968605338130146265 4.2430916583009869583e-08 9.2843870965629725468e-06 15033167142
52829.090592918854846 1409.125 -6.3372129448127377876e-08 0.1828004376362376282 -1.3866572497411170062e-05 0.25963878922630101442 -6.7592765847400386239e-08 -1.4790097730433949947e-05 15674249374
52860.996380446083254 1409.125 -8.6460838481751529785e-08 0.15138031576133006983 -1.8918655494692274389e-05 0.73005126859061419964 -8.8667477124272524656e-08 -1.9401494164917999624e-05 16277425217
52896.888603248135993 1409.125 -6.0583008156331523878e-08 0.15138031576133006983 -1.3256279724648692665e-05 0.25923894345760345459 -5.9609713344839198037e-08 -1.3043311292272442696e-05 16955994035
52896.937650059519672 1409.125 -5.2130917880082045328e-08 0.15784802817900511762 -1.1406862266360321102e-05 0.25996207969728857279 -5.1157756077068309629e-08 -1.1193922937814527869e-05 16956921282
52917.82999998475486 1409.125 -1.0602279445343858173e-07 0.16648123017325405781 -2.3199043151455470381e-05 0.56799466221127659082 -1.0328261501235489107e-07 -2.2599459435291969894e-05 17351888755
52945.762018158167841 1409.125 5.1002360073325164653e-08 0.14736349615830915405 1.1159920451698354426e-05 0.97981868975330144167 5.5598739337373496362e-08 1.2165662673800802114e-05 17879954287
52980.651060489553462 1409.125 -9.7476866695543762318e-08 0.20932271735289506576 -2.1329092940779873188e-05 0.49421567469835281372 -9.159329787993939079e-08 -2.0041698399432385086e-05 18539545695
52980.701731616369983 1409.125 -5.98540089337570558e-07 0.20227703774773844736 -0.00013096766060544038658 0.49496275954879820347 -5.9296579848680789995e-07 -0.00012974793974586241853 18540503617
53036.517732418325604 1409.125 -6.9081850912805435181e-08 0.15138031576133006983 -1.5115927179342606124e-05 0.31790258828550577164 -6.6044863051747856342e-08 -1.4451398265514904377e-05 19595730204
53057.478328113332289 1409.125 2.4875970153539842347e-08 0.15138031576133006983 5.4431568984887515929e-06 0.62694137252401560545 2.5919493441727759925e-08 5.6714921533461569572e-06 19991986114
53084.385216571619864 1409.125 1.0555964481294850325e-07 0.14905032707109366896 2.309770052461092824e-05 0.023651094874367117882 1.0430787403822609375e-07 2.2823798253234094263e-05 20500675384
53119.291215354559636 1409.125 -1.5113252021092421741e-07 0.15784802817900511762 -3.3069585422983863409e-05 0.53829808218870311975 -1.550133365734592524e-07 -3.3918754007168495771e-05 21160583467
53149.237297012651943 1409.125 -5.4224358573190260287e-07 0.15138031576133006983 -0.00011864931884547556286 0.97981705458369106054 -5.4727771861229270592e-07 -0.00011975084674355053317 21726724289
51474.842050687065683 2380 4.3908961915506531325e-07 0.59112181485714088147 9.6078009211576073409e-05 0.29287213797215372324 4.4311298126728751589e-07 9.6958368494092105209e-05 -9928284394
51534.672987774464083 2380 8.7094042518248033252e-07 0.35654592972014137464 0.00019057208037492958362 0.17500737542286515236 8.7593515652687620924e-07 0.00019166498675026054519 -8797160840
51558.601435888869496 2380 6.318085745090544899e-08 0.34860436027106717072 1.3824719919009595158e-05 0.52780357562005519867 6.7678577675959547422e-08 1.4808874374870760622e-05 -8344792157
51587.511039197073146 2380 1.5455508857699627997e-07 0.58303087396809438747 3.3818483918091743235e-05 0.95404092071112245321 1.5613858472311058973e-07 3.4164971629656469706e-05 -7798247878
51657.341562976465898 2380 -8.1516403209825868151e-07 0.43809245599530699522 -0.00017836754495720239824 0.98360804223921149969 -8.1922874930850440309e-07 -0.00017925695322497227204 -6478076584
51661.342253942955232 2380 6.4186820228448156974e-07 0.38461019227264370279 0.00014044836489274305755 0.042593420832417905331 6.3777255228993372972e-07 0.00013955218816540258963 -6402439540
51685.263583524940991 2380 7.4123104733014463897e-07 0.36868007811651554162 0.00016219013223389768505 0.39528466679621487856 7.3631547488235781827e-07 0.00016111454676269608575 -5950195317
51720.166240301179588 2380 2.6638451489532099998e-07 0.57499999999999995559 5.8288086894842791353e-05 0.90988238027784973383 2.6134322033966180929e-07 5.7184991937396666291e-05 -5290357482
51763.052848306695889 2380 3.1869041499602858009e-07 0.38913365313218539754 6.9733237343550655038e-05 0.54219385620672255754 3.1588121469337462225e-07 6.9118551045398311949e-05 -4479568646
51797.935797584568373 2380 4.5232636627955710504e-07 0.35920050111323614805 9.8974366257332377114e-05 0.056501006358303129673 4.531453494341813546e-07 9.9153569471531631678e-05 -3820091103
51833.845472558356629 2350 -7.257987206510958784e-08 0.37619808611953353683 -1.5881335637734509093e-05 0.58594599261414259672 -6.9273072348716962452e-08 -1.5157768694330621255e-05 -3141211611
51860.748787005442615 2380 3.3334808650165509841e-07 0.36527386985657761542 7.294050947320786769e-05 0.9826030203839763999 3.3840782989647685998e-07 7.4047641255169259637e-05 -2632593225
51936.559616940717415 2380 1.7724827819521536114e-07 0.41463839667835877822 3.8784022582783591915e-05 0.10034256649669259787 1.8049763071840191566e-07 3.9495019399914276111e-05 -1199358437
51950.537489781603959 2380 8.3199623678928619379e-07 0.38461019227264370279 0.00018205063070281315128 0.30642949708271771669 8.3423765313997417663e-07 0.00018254107914749005835 -935098951
52042.231394429281352 2380 3.4217550384365368268e-07 0.34731109973624507692 7.4872052938824282006e-05 0.65834588499274104834 3.3748139466923439414e-07 7.3844926254827846101e-05 798393345
52078.204696318352688 2380 1.3007070079495105273e-07 0.36868007811651554162 2.8461009880354623291e-05 0.1887289735022932291 1.2499161520531243968e-07 2.7349645797079978767e-05 1478493002
52079.191948779855892 2380 6.7315295611655423273e-07 0.35654592972014137464 0.00014729383956518861929 0.20328482415061444044 6.6803497385995791677e-07 0.00014617396443049478369 1497157604
52089.148433886947668 2380 5.9662708493272365953e-07 0.38029593739612838066 0.00013054907258419692049 0.35008122713770717382 5.918588318445202821e-07 0.00012950572233371025908 1685387736
52136.019404796912465 2380 5.0279080867672003049e-07 0.35202982828163864593 0.00011001658395043480673 0.041137344087474048138 5.0115579475351492423e-07 0.00010965882353907040346 2571494897
52168.940868892384966 2380 5.3986591205058610876e-07 0.34860436027106717072 0.0001181290556830367958 0.52652475330978631973 5.4083097696246566999e-07 0.00011834022331590353537 3193884419
52213.781510163733035 2380 7.495269607134395624e-07 0.75360798828037911523 0.00016400537633826164062 0.18764610053040087223 7.541672494014824627e-07 0.00016502072646239361752 4041619192
52231.755889476564526 2380 3.3117289078188175215e-07 0.35415392133929562979 7.2464550886886655338e-05 0.45265671436209231615 3.3675322520539034955e-07 7.3685594151761001235e-05 4381427175
52259.655193526347897 2380 2.1064267742794869108e-07 0.38913365313218539754 4.6091112655356056036e-05 0.86399841145612299442 2.1603647577326453485e-07 4.7271339617004236463e-05 4908864943
52281.618784219618043 2380 5.8572228921566738405e-07 0.36211186116999810602 0.00012816297412582346702 0.18782515125349164009 5.9008593689430262551e-07 0.00012911779192058424491 5324106151
52308.559394631916625 2380 1.1348734221462616357e-06 0.47055817918722864235 0.00024832374611077969427 0.58503206318709999323 1.1375754032149002218e-06 0.00024891497157063390156 5833418098
52328.472781152791516 2380 2.9853566101784007233e-07 0.36527386985657761542 6.5323138461915305794e-05 0.87863100715912878513 2.9944935971789410543e-07 6.5523066559257535523e-05 6209885480
52357.418414048599487 2380 6.3501373503578759625e-07 0.35017852589786252482 0.00013894852627499633932 0.30539956525899469852 6.3330407426048873217e-07 0.00013857443224828279604 6757124623
52470.115860823419631 2380 5.221848622267618156e-07 0.35654592972014137464 0.00011426023256871988528 0.96698793093673884869 5.1816272435572476128e-07 0.00011338014116467497337 8887699833
52509.9776189831701 2380 3.2783508457681185205e-07 0.36527386985657761542 7.1734199356521940775e-05 0.55470163235440850258 3.2685260609305499638e-07 7.1519221427883571273e-05 9641300033
52574.810091582163491 2380 1.5691300469423282538e-07 0.35202982828163864593 3.4334423891502893512e-05 0.51057849801145493984 1.6112326034493399267e-07 3.5255677693789443257e-05 10866982122
52706.444692170883663 2380 -6.9291189632046485268e-08 0.35017852589786252482 -1.5161732970502697882e-05 0.45137242996133863926 -6.9140053478839436736e-08 -1.5128662590137133119e-05 13355582010
52795.205331421602345 2380 -8.7198970993599749221e-07 0.49145193050795921152 -0.000190801676306639337 0.76004134595859795809 -8.7802443234870153985e-07 -0.00019212214504528270078 15033622719
52829.11497853555402 2380 -1.1664904660584664632e-06 0.42605750785545370984 -0.00025524192978837388105 0.2599983258405700326 -1.1706177970100084912e-06 -0.00025614503868433126223 15674710393
52861.028832094538462 2380 -1.8948534875179165617e-07 0.35202982828163864593 -4.1461638555394955932e-05 0.73052972916048020124 -1.9161331287922658567e-07 -4.1927262309905523181e-05 16278038723
52878.960173398310065 2380 -1.1843012460540328293e-07 0.38913365313218539754 -2.5913913940078117904e-05 0.99490579927805811167 -1.1914307803335705205e-07 -2.6069916594274723648e-05 16617043142
52917.86320286669655 2380 2.1517103421184898541e-07 0.36527386985657761542 4.7081970753149590434e-05 0.56848419876769185066 2.176968372375650246e-07 4.7634646370574450376e-05 17352516447
52945.795071525373935 2380 -6.7321942875222401067e-07 0.38913365313218539754 -0.00014730838456516946202 0.98030602186918258667 -6.6852764915690690405e-07 -0.00014628176762067192209 17880579194
53015.59566102709476 2380 -1.2526616186678261074e-07 0.36211186116999810602 -2.7409719858317174968e-05 0.0094317984767258167267 -1.2106847551730821128e-07 -2.6491216368008786558e-05 19200184589
53036.545303984501601 2380 5.1191401401427081926e-07 0.52069664873129339888 0.00011201284933276613706 0.31830909778364002705 5.1504563740784527978e-07 0.00011269808562196380484 19596251448
53057.50261306606701 2380 -6.8268590819044116039e-07 0.39385911186615957247 -0.00014937976238643611316 0.62729942495934665203 -6.8123983474180019661e-07 -0.00014906334438870140325 19992445218
53084.416480436697473 2380 -9.7239958941209219906e-07 0.48438104834933415344 -0.00021277254718215996867 0.024112042970955371857 -9.7324804522760966904e-07 -0.00021295819936363437186 20501266459
53106.356618306451541 2380 -6.3762596085606788307e-07 0.36211186116999810602 -0.00013952011222345615274 0.34759299899451434612 -6.4021975392764511593e-07 -0.0001400876648681838156 20916057741
53119.324585130326906 2380 -8.1494155879175685549e-07 0.36211186116999810602 -0.00017831886516278470403 0.53879007941577583551 -8.1873113133797905733e-07 -0.00017914806851927601708 21161214313
53149.204946705627766 2380 -5.1467854285556672354e-07 0.38913365313218539754 -0.00011261776098608831412 0.97934008820448070765 -5.1962143191964399338e-07 -0.00011369932365646996509 21726112675
51534.673195884927225 2378.25 -4.3843259335489622232e-08 0.3217079420841207904 -9.5934244184740865792e-06 0.17501044378150254488 -3.8521302194672275624e-08 -8.4289171632513494472e-06 -8797156906
51558.601516687323461 2378.25 2.725409578048888964e-07 0.31542986542177642306 5.9635189519847272874e-05 0.52780476689804345369 2.7675206138464107581e-07 6.0556628859052984297e-05 -8344790630
51587.51117774968392 2378.25 3.1529807947125168025e-07 0.42742952635493025593 6.899095415219338143e-05 0.95404296345077455044 3.1690180953217151444e-07 6.9341869283966338515e-05 -7798245259
51621.447376992204578 2378.25 1.3438658069081856096e-07 0.35706582026287536635 2.940537551848822737e-05 0.45439142256509512663 1.3357254081913628859e-07 2.9227253953144504013e-05 -7156664854
51657.338183014264697 2378.25 -5.4451852118455872728e-07 0.37228483718787153123 -0.0001191471016666605184 0.98355820868164300919 -5.4856319567968689774e-07 -0.00012003212435097844314 -6478140486
51658.352107973703617 2378.25 2.9008242354346275385e-07 0.56523977213214571247 6.3473469983089244903e-05 0.99850731331389397383 2.8580469325475492968e-07 6.2537451930842912077e-05 -6458971227
51659.345382729550547 2378.25 1.6712659275669076824e-07 0.3196810910892291524 3.6569277928445017875e-05 0.013151955441571772099 1.6292116920215650668e-07 3.5649081446030726909e-05 -6440192376
51661.344464378861318 2378.25 1.3848389024772787248e-07 0.36193369558525495533 3.0301915377729102018e-05 0.042626011068932712078 1.3440795044710110817e-07 2.9410051474264441313e-05 -6402397750
51678.254316417641281 2378.25 -1.7592977303021813582e-07 0.34798850555729565759 -3.8495518036418133437e-05 0.29194144997745752335 -1.81052015714644292e-07 -3.9616325403181286273e-05 -6082705668
51679.239881557283706 2378.25 1.0238614564408698037e-07 0.3217079420841207904 2.240330131980729753e-05 0.30647242313716560602 9.728768653823872284e-08 2.1287698081727689387e-05 -6064073376
51685.268317466727432 2378.25 1.6677998483372346393e-06 0.40136766187624034474 0.00036493436009704740249 0.39535446313675493002 1.6629047010039413164e-06 0.00036386324388281031537 -5950105823
51720.165962370064083 2378.25 6.3791729765386539435e-07 0.36700953666083391269 0.00013958386016538273075 0.90987828257493674755 6.3289691452494954655e-07 0.00013848534087578122529 -5290362737
51797.940610903381888 2378.25 4.2740025941837151458e-07 0.31542986542177642306 9.3520238853395795428e-05 0.056571973022073507309 4.2823967600051917375e-07 9.3703913143548965714e-05 -3820000103
51833.839755292906144 2348.25 -5.8748303424290570249e-07 0.33984702440951281011 -0.0001285482459918989381 0.58586169837508350611 -5.8415592891182456271e-07 -0.00012782023593950321407 -3141319695
51860.748381708991491 2378.25 3.0074225089507564662e-07 0.32953907203850651975 6.5805966461719009079e-05 0.98259704478550702333 3.0582157563185484976e-07 6.6917382873220453298e-05 -2632600888
51908.589619084934817 2378.25 3.636657377641563615e-07 0.32664353659608819092 7.9574370649149869554e-05 0.68795857427176088095 3.6925494011232346062e-07 8.0797354320970447993e-05 -1728150986
51936.566111076807182 2378.25 7.3728419411815833158e-08 0.34798850555729565759 1.6132651400491823423e-05 0.10043831472285091877 7.6998072354047207155e-08 1.68480901897459666e-05 -1199235660
52042.230641794138929 2378.25 5.2144410267911622351e-07 0.31463629796957631735 0.00011409814560620137023 0.65833478828426450491 5.1677015260223325242e-07 0.00011307542997150853302 798379116
52089.148318016493242 2378.25 4.9166845681035480813e-07 0.32953907203850651975 0.00010758288162987585644 0.35007951874285936356 4.8692049998468129422e-07 0.00010654397244201795223 1685385545
52168.935186412317258 2378.25 6.0846837672147325787e-07 0.3165375175235946581 0.00013314008747483742888 0.52644097199663519859 6.094548061202263596e-07 0.00013335592991047128129 3193776993
52213.781452586701811 2378.25 5.3323139926033066055e-07 0.49294624453382335227 0.00011667734570591849738 0.18764525162987411022 5.3758502142489217059e-07 0.00011762996979945859898 4041618103
52259.651917826453666 2378.25 2.3498140845639285173e-07 0.3165375175235946581 5.1416715270258947254e-05 0.86395011527929455042 2.4039657960161214795e-07 5.2601618853663644078e-05 4908803013
52308.55315548674476 2378.25 1.4753299739315908774e-07 0.4141207553359285698 3.2281967198011926357e-05 0.58494007447734475136 1.502546969687486614e-07 3.2877507300731344405e-05 5833300148
52328.472792444032866 2378.25 2.2717026941240941415e-07 0.3217079420841207904 4.9707545532962768321e-05 0.87863117374945431948 2.281042269663587073e-07 4.9911906507481439295e-05 6209885693
52385.321110825832903 2378.25 3.2202783464520757762e-07 0.35706582026287536635 7.0463504290908104719e-05 0.71679128403775393963 3.1854171262985885892e-07 6.9700699504614426076e-05 7284621076
52414.211831570878683 2378.25 3.1087652849565926503e-07 0.32403086272761116859 6.8023466430256604196e-05 0.1427502285223454237 3.0599587077350235497e-07 6.6955520714549897491e-05 7830822106
52444.203558317409776 2378.25 4.0114154372757756982e-07 0.3165375175235946581 8.7774520854234225089e-05 0.58494218275882303715 3.957618049416308225e-07 8.6597370290696239352e-05 8397817584
52470.114911571625846 2378.25 3.0261877191965988684e-07 0.31542986542177642306 6.6216571487254924119e-05 0.96697393537033349276 2.9861623617315505378e-07 6.5340769260223573327e-05 8887681886
52509.977561932306045 2378.25 2.7223152189247885719e-07 0.3196810910892291524 5.9567481277279085455e-05 0.55470079125370830297 2.7096239351130043497e-07 5.9289780956027647733e-05 9641298954
52574.809593741085436 2378.25 3.2831903592616206139e-07 0.32403086272761116859 7.1840093643638766356e-05 0.51057115790899842978 3.3285659219055390549e-07 7.2832964696721723556e-05 10866972710
52629.672936143582575 2378.25 -2.7012014279531844212e-07 0.63332140339641140869 -5.9105486523824282937e-05 0.31946518388576805592 -2.6469615152536263755e-07 -5.7918652992662423969e-05 11904189631
52706.444195124439133 2378.25 2.0304232357041097132e-07 0.31795597179483831018 4.4428065213376185839e-05 0.45136510161682963371 2.0321342762146636399e-07 4.4465504806289067748e-05 13355572613
52723.418895543731384 2378.25 8.405068217005106405e-07 0.50069551625713604182 0.00018391284748003957325 0.70163665199652314186 8.3938933961098479696e-07 0.00018366832916348761906 13676475983
52760.313411438344779 2378.25 3.5549896937880002609e-07 0.3196810910892291524 7.7787384999917349757e-05 0.24560193356592208147 3.5111011050623014342e-07 7.6827050697324415928e-05 14373993115
52795.206141429205395 2378.25 6.9874800092000952273e-08 0.36193369558525495533 1.5289433851373842898e-05 0.76005328854080289602 6.4167295162688462628e-08 1.4040564173632851126e-05 15033638032
52829.117339744451893 2378.25 2.5989018354501746789e-08 0.33614877658560649021 5.6867050277083134073e-06 0.26003313902765512466 2.1575037505538152193e-08 4.7208737391378639952e-06 15674755032
52861.024376260131053 2378.25 -2.4996094550264203265e-07 0.31463629796957631735 -5.4694415392352738439e-05 0.73046403320040553808 -2.5206648107537470048e-07 -5.5155131513452538968e-05 16277954484
52896.912339917743459 2378.25 -1.4585131881214393035e-07 0.3165375175235946581 -3.191399600682640916e-05 0.25958891212940216064 -1.4507125206792342438e-07 -3.1743308164146179077e-05 16956442785
52917.862937878509708 2378.25 -3.3713227496588280798e-07 0.31795597179483831018 -7.3768534728790172397e-05 0.56848029186949133873 -3.3458648741625860089e-07 -7.3211486260839188219e-05 17352511437
52945.792803855890771 2378.25 -1.9768206274914807386e-07 0.32664353659608819092 -4.3255176659206398784e-05 0.9802725878544151783 -1.9327704943367130012e-07 -4.229130757317357671e-05 17880536321
52980.676095333817081 2378.25 -2.8988550198288945932e-07 0.37228483718787153123 -6.3430381213313438944e-05 0.49458478332962840796 -2.8419599253754809603e-07 -6.2185449160602325321e-05 18540018971
53015.595128892814106 2378.25 3.1361496821714514617e-08 0.32403086272761116859 6.8622669475167011653e-06 0.0094239527825266122818 3.5579433712054262255e-08 7.7852014960121272822e-06 19200174528
53057.501582614961727 2378.25 1.8159274749575513949e-08 0.32953907203850651975 3.9734643921269988444e-06 0.6272842321777716279 1.9318581918376144793e-08 4.2271345313969908968e-06 19992425737
53084.415809669096742 2378.25 -1.6988614743303658537e-08 0.32664353659608819092 -3.7173101175562525355e-06 0.02410215325653553009 -1.8124102855618641763e-08 -3.9657683651562870729e-06 20501253777
53119.323775250689955 2378.25 4.0095930845891204074e-08 0.3196810910892291524 8.7734645619071041976e-06 0.53877813881263136864 3.6326775101132588144e-08 7.9487286433908997794e-06 21161199002
53149.204322325075342 2378.25 -6.6728033416621726407e-07 0.32403086272761116859 -0.00014600884032761538869 0.97933088243007659912 -6.7220330521062566115e-07 -0.00014708604469938614382 21726100870
48850.026953677951742 1404 -1.2200910041855311307e-06 0.54883968515405301414 -0.00026697036237083236222 0.59312913659960031509 -1.2217783112233969401e-06 -0.00026733956513503977072 -59551325394
48898.873622281976122 1414 5.8019358397732058974e-07 0.53640003728560647911 0.00012695322793815424198 0.31331454077735543251 5.8310072231115454846e-07 0.00012758934423749855745 -58627852154
48912.836617861158416 1414 -2.8764384358897060457e-07 0.54334611436910085214 -6.2939879806710877477e-05 0.5191821239423006773 -2.8332395569979151777e-07 -6.199463717217036497e-05 -58363884003
48926.808702015036154 1414 -7.3531846048850629042e-07 0.69146583429696661938 -0.00016089638820476690774 0.72518370731268078089 -7.2980655061420240602e-07 -0.00015969031704167314778 -58099743475
48938.78641002877518 1414 2.3522325943561927816e-07 0.76760992698114582922 5.146963512897630686e-05 0.90178061206825077534 2.4069034545263828678e-07 5.2665898301206147558e-05 -57873298360
48956.725676953573487 1414 -2.929822718856642976e-07 0.53265842713694111499 -6.4107991145922341405e-05 0.16627353592775762081 -2.8708131221148426581e-07 -6.281679127874263537e-05 -57534140019
48973.656147136693523 1414 -1.391497367938656842e-06 0.55183783849968093271 -0.0003044761048825443769 0.41589296469464898109 -1.3855207929443983181e-06 -0.00030316835948775001776 -57214065573
48986.645349499356865 1414 -4.8708207672616392456e-07 0.59036005962463278252 -0.00010657932734675566202 0.60740313760470598936 -4.8175691075580059094e-07 -0.00010541411796162315618 -56968508253
48997.607488184741115 1414 6.8247341600091697376e-08 0.69146583429696661938 1.4933326657862863484e-05 0.76902669365517795086 7.2427703595229731631e-08 1.5848039374254262329e-05 -56761268280
48998.609273208864799 1414 1.8600340542910020658e-07 0.46765799469270274979 4.0699748116546771471e-05 0.78379680949728935957 1.9095807628235071677e-07 4.1783888781942045569e-05 -56742329125
49021.537318520779692 1414 -7.0168247837176119233e-07 0.54809123328146747145 -0.00015353643693588534838 0.12184327305294573307 -6.9847028509228075701e-07 -0.00015283357100138851416 -56308855000
49031.527784285622257 1414 -7.0516570440907967034e-07 0.47623943557836534435 -0.00015429860804788629061 0.26914068008773028851 -7.0302210124659238654e-07 -0.00015382956228727885497 -56119979303
49037.500956160207629 1414 -2.8001248212986155937e-07 0.46292980029373786977 -6.1270047534255781232e-05 0.357207918306812644 -2.7791716104510249489e-07 -6.0811566464104139921e-05 -56007055693
49049.487040647271602 1414 -8.6519638502230542178e-07 0.46519243330045684237 -0.00018931521635595569855 0.53392832411918789148 -8.6444664421120346673e-07 -0.00018915116418661960374 -55780461497
49050.457378657191164 1414 3.0778188138857473784e-08 0.45376645975655804932 6.7346320990486955077e-06 0.54823479149490594864 3.1160227010896998169e-08 6.8182267290871499788e-06 -55762117548
49076.411525404404482 1414 -3.7709131389420472737e-07 0.45738823771496356363 -8.2512045717796781115e-05 0.93089748267084360123 -3.7925113355226199444e-07 -8.2984639839701736093e-05 -55271447231
49077.400839545697917 1414 -2.5809620958288980753e-07 0.47318495326880377627 -5.6474507526493170313e-05 0.94548373040743172169 -2.6055676141103937178e-07 -5.7012905409060800192e-05 -55252743325
49091.359159304878286 1414 -6.2981660080048558851e-07 0.60357601012631378889 -0.0001378113317498923326 0.15128237428143620491 -6.3310286926372271623e-07 -0.00013853040621193536532 -54988848210
49100.321652897366569 1414 -2.7053050720388865879e-07 0.46519243330045684237 -5.9195279116740920596e-05 0.28342356742359697819 -2.7457811619857572418e-07 -6.0080943904318297029e-05 -54819407661
49114.2989920258842 1414 -8.4292132210433677844e-07 0.46765799469270274979 -0.00018444116876553604846 0.48950262903235852718 -8.4737646907742402009e-07 -0.00018541600768963285695 -54555167336
49128.27030123106741 1414 -4.2143062129157664861e-07 0.50269672765992823305 -9.2214011327362158351e-05 0.6954927865881472826 -4.2577909546483460132e-07 -9.3165508979432666415e-05 -54291042366
49144.220631978216595 1414 -1.1684672879454525337e-06 0.45902505378247054901 -0.00025567448183055827863 0.93066123768221586943 -1.1740172277058151836e-06 -0.0002568888743831444622 -53989492800
49145.214614937999915 1414 -1.805597851663991843e-06 0.50269672765992823305 -0.00039508619529288122897 0.94531632144935429096 -1.8111407419749892158e-06 -0.00039629904534245320571 -53970700626
49159.157427830149 1414 -4.8384172417075103468e-07 0.46292980029373786977 -0.00010587029982916871554 0.15088633529376238585 -4.8873373749176757761e-07 -0.00010694073028440066589 -53707098678
49163.125513176259233 1397 -4.4422601337778990341e-07 0.47623943557836534435 -9.7201913102528550677e-05 0.20939098310191184282 -4.4896965574093914979e-07 -9.8239878234886014581e-05 -53632079410
49177.119151510523047 1397 -8.9229207422981635914e-07 0.46087308448205133171 -0.00019524407407361874823 0.41571035701781511307 -8.9647881009310870664e-07 -0.00019616018146785386813 -53367527615
49216.038934475379037 1397 -1.0927771505977533436e-06 0.47318495326880377627 -0.00023911258331127325541 0.98953576665371656418 -1.0942790438164645035e-06 -0.0002394412153358239771 -52631740661
49227.986692150140218 1397 -8.002330489517042137e-07 0.45376645975655804932 -0.0001751004690034301067 0.16569108969997614622 -8.0040545592266767068e-07 -0.00017513819369065054667 -52405857411
49244.931094671659189 1397 -7.9860761883909345837e-07 0.46292980029373786977 -0.00017474480564333359247 0.41551593400072306395 -7.9733734934702900669e-07 -0.00017446685563350507033 -52085519541
49251.866508919616777 1397 -1.3368561548490431278e-06 0.53703258746560245118 -0.00029251996029261360411 0.51777027919888496399 -1.335121885279416987e-06 -0.00029214048157023676643 -51954407453
49267.85378213326209 1397 -7.7120414801212494658e-07 0.46087308448205133171 -0.00016874860166199366099 0.75348340254276990891 -7.6852385563852646456e-07 -0.00016816212194549330484 -51652169314
49272.850292191190437 1397 -1.8635341502979582883e-06 0.48291200026505864962 -0.00040776334362663189418 0.82715093647129833698 -1.8594788162726949816e-06 -0.00040687598851086982501 -51557707973
49273.876840056792002 1397 -1.2328371401845845555e-06 0.86712398190800832332 -0.0002697593678915859247 0.84228615055326372385 -1.2286157450738014643e-06 -0.00026883567664349862349 -51538300431
49274.839735708052736 1397 -2.7186910453241978615e-07 0.78352026138447750103 -5.9488180066457488595e-05 0.8564828893868252635 -2.67831793156005443e-07 -5.8604768519722306845e-05 -51520096224
49281.849224428697742 1397 -1.4241631862125654892e-06 0.5165307348067489368 -0.00031162377281207452063 0.95982937363442033529 -1.4200930217419393825e-06 -0.00031073317261921652567 -51387575821
49285.809746812778542 1397 -2.0394466720720567843e-07 0.45902505378247054901 -4.4625508688388862669e-05 0.018222514772787690163 -1.9967931279424854734e-07 -4.3692198624335610983e-05 -51312698227
49286.827742967735329 1397 -5.5607610173196060987e-07 0.45738823771496356363 -0.00012167603717744211203 0.033231644192710518837 -5.5145335353703178369e-07 -0.00012066452512095161687 -51293451996
49302.766900885894486 1397 -1.6421771839569392988e-06 0.47032329306552533854 -0.00035932781765796104915 0.26823536527808755636 -1.6370765362984361145e-06 -0.0003582117355386395098 -50992110679
49303.743137149307 1397 -1.5188294436880014779e-06 0.45738823771496356363 -0.00033233787116687605624 0.28262879536487162113 -1.5137045219821555937e-06 -0.00033121647759849616298 -50973654657
49304.748077391888788 1397 -1.1389244422446009816e-06 0.46087308448205133171 -0.00024921015728823701389 0.29744543111883103848 -1.1337639407707322361e-06 -0.00024808097844520994437 -50954656038
49305.73762597701554 1397 -1.1946463492227595498e-06 0.46087308448205133171 -0.00026140277050062874799 0.31203513534273952246 -1.1894419549509560595e-06 -0.00026026398739355095637 -50935948460
49312.759062281457346 1411 -7.8616148346350008505e-07 0.48652235303221169627 -0.00017202144381217519289 0.41555777238681912422 -7.8029483997679630828e-07 -0.00017073775273325332415 -50803208528
49315.750662171979759 1411 -6.8604926033643027847e-07 0.47623943557836534435 -0.00015011570367123792416 0.45966531615704298019 -6.8016472720935612845e-07 -0.00014882809812711962473 -50746653058
49317.712662449540549 1411 -5.6173960275032859496e-07 0.46292980029373786977 -0.00012291527827828983313 0.48859265143983066082 -5.5591219676480890826e-07 -0.00012164017282935270082 -50709562020
49330.688257853003606 1411 -7.1530281259634828507e-07 0.53703258746560245118 -0.0001565167273823157931 0.6799022061750292778 -7.0914953583828276557e-07 -0.00015517031754875966322 -50464261095
49331.674950528700446 1411 1.6140827561908382341e-07 0.45738823771496356363 3.5318042411470315401e-05 0.69444980344269424677 1.6766310435055291168e-07 3.6686673019580161455e-05 -50445607619
49332.6830568016059 1411 -9.8813964650785063953e-07 0.45596491093065483202 -0.00021621665809862176424 0.70931311848107725382 -9.8192199364614749424e-07 -0.00021485616201112457526 -50426549262
49333.680284926741656 1411 -1.0870248664199264427e-06 0.45902505378247054901 -0.00023785391540359566456 0.72401604836340993643 -1.0807620571797419463e-06 -0.00023648353856565841447 -50407696500
49334.677861750547621 1411 -1.189317963066199412e-06 0.48652235303221169627 -0.00026023685650061676745 0.73872411926276981831 -1.1838437610955758311e-06 -0.00025903903627345749152 -50388837087
49338.667721410348314 1411 -5.5209416040416841745e-07 0.46292980029373786977 -0.00012080474125314364678 0.79754980327561497688 -5.4623396782867626225e-07 -0.00011952246170999892961 -50313407297
49339.665653047911633 1411 -5.7474683439285445645e-07 0.46292980029373786977 -0.00012576141461822996384 0.81226310553029179573 -5.6867236515835359241e-07 -0.00012443224880421944869 -50294540877
49340.662775968492213 1411 -2.7460708406419773288e-07 0.53169916306121833838 -6.0087282416409351878e-05 0.82696448429487645626 -2.6884704687308395005e-07 -5.8826918057598555201e-05 -50275689689
49348.649187316452316 1397 -6.12091624926606903e-07 0.46292980029373786977 -0.0001339328970955670858 0.94471451814752072096 -6.0696603817836806826e-07 -0.00013281135800803490889 -50124700216
49363.61771393802535 1407 -5.8914420414936512289e-07 0.49840144462069929654 -0.00012891172964218864684 0.16540744772646576166 -5.8461635750391035876e-07 -0.00012792098316872903121 -49841706386
49373.578795083320941 1407 -6.4364296515840880175e-07 0.52144414849531106615 -0.00014083670402970025784 0.31227161386050283909 -6.3999576764969932712e-07 -0.00014003865401769467604 -49653387870
