51023.061788939084103 1420 1.1147021347121640304e-06 0.23346789438888346235 0.0002439100294451899022 0.63192634843289852142 2.1002657656196440564e-06 0.00045956302476023378598 -51156695751
51024.068899796825598 1420 1.1237763721495479691e-06 0.37108928536186391867 0.00024589558007043964564 0.64677498536184430122 2.113827709125910863e-06 0.00046253053862509392283 -51137656430
51035.041865562178078 1408 1.3677108627568370621e-06 0.18495204164966344562 0.0002992713357399887532 0.80855815368704497814 2.4064101172953597518e-06 0.0005265510348361128877 -50930210160
51138.732632400758316 1420 9.6953435349005440545e-07 0.16884092427601446462 0.00021214559956767774522 0.33735366235487163067 2.4454718477858825531e-06 0.00053509820410890132763 -48969887587
51222.531070831254301 1420 -1.1300855272163805828e-07 0.19106872509748645816 -2.4727609792377880209e-05 0.57286074000876396894 1.6865833274271919203e-06 0.00036904440768901640091 -47385658307
51250.447199679191343 1420 -7.7018164423588252989e-09 0.15397161332654421551 -1.685248656783333421e-06 0.98445044760592281818 1.8938161899887358254e-06 0.00041438941245340495158 -46857892765
51281.337616892018364 1420 -6.2909047127999785305e-08 0.15397161332654421551 -1.3765244597222736465e-05 0.43989245593547821045 1.9479614809810207824e-06 0.00042623704341147858422 -46273894625
51307.271715615663314 1420 -8.8197018110040249436e-08 0.29087326743855107525 -1.9298552155148318405e-05 0.82225951575674116611 2.0116925600194905564e-06 0.00044018215832673869825 -45783611178
51342.188189147718518 1420 3.958804899170300892e-07 0.27387452913766707763 8.6623339944865474108e-05 0.33706087700556963682 2.6116094132271721541e-06 0.00057145107113664840702 -45123490431
51364.10066761651002 1420 8.1871213891629472158e-08 0.33482421912158449873 1.7914391270253726837e-05 0.66013398848008364439 2.3679400085177708065e-06 0.00051813331940119600791 -44709239491
51398.020414707754913 1420 -5.3077142502138801296e-07 0.29951169878717398554 -0.00011613907417434089481 0.16023981838952749968 1.860606167515417384e-06 0.00040712266620156059641 -44067963597
51474.808603561789486 1420 -6.6250685640790418722e-08 0.18495204164966344562 -1.4496434681702485665e-05 0.29238920670468360186 2.5474535716122063664e-06 0.00055741301313882470771 -42616255305
51503.747247940458891 1410 -2.6589727661533910497e-07 0.33482421912158449873 -5.8181473372157743563e-05 0.71905467461328953505 2.4258084063395494751e-06 0.00053079561022949935641 -42069174071
51534.6410425599626 1410 6.9943543253081086832e-07 0.24126180325608703736 0.000153044756649408409 0.17454647878184914589 3.4709219951189832756e-06 0.0007594788416279778826 -41485103372
51558.574814031735684 1410 -8.5584567638378597477e-07 0.44554153309245908554 -0.00018726917050464831886 0.52742112183477729559 1.9749655273543112744e-06 0.00043214584858995733914 -41032634021
51587.483722146846961 1410 -5.3879057270206163263e-07 0.16433885027703842852 -0.00011789375866449259817 0.95364816428627818823 2.3607902707576434473e-06 0.00051656887209882463991 -40486102919
51621.3888992177821 1410 -9.9665530179519653742e-07 0.15686700644297016383 -0.00021807998427341513932 0.45353917696047574282 1.9795556499517364922e-06 0.0004331502217790192863 -39845108946
51657.309500280163356 1410 -2.5349111028410431895e-07 0.16033482999766096588 -5.5466857242051592466e-05 0.98314518958795815706 2.7991627403164690879e-06 0.00061248996045814972143 -39166021347
51661.317483957396252 1410 -4.8293891593747185495e-07 0.19106872509748645816 -0.00010567275466549032031 0.042238083085976541042 2.5779422406128119721e-06 0.00056408429501952425147 -39090246427
51685.234300144658057 1465 -4.4020169565280674035e-07 0.20422354837378292602 -9.6321344693776300553e-05 0.39486274088267236948 2.6685101078626985141e-06 0.00058390161704646377532 -38638087501
51745.096361553553148 1410 -6.0551307892909234669e-07 0.21841991143295258482 -0.00013249343327863894998 0.27745675970800220966 2.6134345555708948096e-06 0.00057185043389817573358 -37506372345
51763.019401387087516 1410 -5.4607484853831993404e-07 0.21120430324777678122 -0.00011948764449137084781 0.54171040188521146774 2.7032419468442302453e-06 0.00059150135477447887142 -37167539536
51797.892050508913936 1410 -2.0806934662318662991e-07 0.50250100269589392799 -4.552803738427170217e-05 0.05586562503594905138 3.0968579279001088392e-06 0.00067762919336001037617 -36508256770
51833.803460386551514 1410 -8.1728798152302358371e-07 0.16033482999766096588 -0.00017883229019737624227 0.58533612475730478764 2.5401005968967366214e-06 0.00055580409518351544759 -35829344427
51860.732930178239826 1410 -2.6581407981195778709e-07 0.22584786408194976182 -5.8163268926207056645e-05 0.9823787325294688344 3.12771599469798188e-06 0.00068438130385384588905 -35320231600
51908.622536128647027 1410 -5.8975888967809282131e-07 0.16033482999766096588 -0.00012904623008019112646 0.68845331098418682814 2.8612695530660629591e-06 0.00062607966667182979393 -34414867273
51936.52952231090925 1410 -6.3692595734343706296e-07 0.16884092427601446462 -0.00013936694312526666223 0.0999082210473716259 2.8436110481744368757e-06 0.00062221577665677504166 -33887265989
51947.526955526732173 1410 -8.1974142266766138592e-07 0.15686700644297016383 -0.00017936913217802353797 0.26205213239882141352 2.6716154900653277786e-06 0.00058458111145209479665 -33679352429
51957.486772803200132 1410 -1.0784859085882951191e-06 0.17918498182152112208 -0.00023598549022956573068 0.40889764612074941397 2.4222750693569371436e-06 0.00053002247424937378809 -33491061521
52013.312618913260721 1410 -8.8241431950228850099e-07 0.16884092427601446462 -0.00019308270429412656129 0.23198253021109849215 2.6641164387882056938e-06 0.00058294023021498642668 -32435651991
52023.327721155520742 1410 -1.3004463344585406088e-06 0.20422354837378292602 -0.00028455306027701877654 0.37964315409772098064 2.2530489472855646209e-06 0.00049299379445054846445 -32246314821
52042.263223339682884 1410 -1.175360339600164971e-06 0.15168143495622279926 -0.00025718276310165234506 0.65882433461956679821 2.3902662132019814315e-06 0.00052301855741442659842 -31888343517
52075.188992557464399 1410 -8.6890764101889220473e-07 0.19106872509748645816 -0.00019012728307082139552 0.14427515759598463774 2.7145865392554223937e-06 0.00059398368595775238241 -31265859597
52076.195232217978354 1410 -6.7736881462390251485e-07 0.15686700644297016383 -0.00014821631929755963981 0.15911094984039664268 2.9066068895951750572e-06 0.00063600001287322793521 -31246835874
52077.179015107059836 1410 -3.2199883321951964232e-08 0.4361275704543096654 -7.0457158415839880756e-06 0.17361564398743212223 3.5522428469177485196e-06 0.00077727280715390423081 -31228236761
52078.178307777039777 1410 -8.8951750429489586e-07 0.24921327755635103163 -0.00019463696525583796797 0.18834901123773306608 2.6953959096984894112e-06 0.00058978454891966649226 -31209344476
52079.17134808388581 1410 -8.352693312443963757e-07 0.16884092427601446462 -0.00018276682248490684331 0.20299019489903002977 2.7501080495745639052e-06 0.00060175621312718911805 -31190570450
52083.15912016259567 1410 -7.6703215771487868577e-07 1.3184108834920846842 -0.00016783572072547682225 0.26178509276360273361 2.820170897481723318e-06 0.00061708679406346929008 -31115179792
52085.166017597122153 1410 -1.0182836442441683732e-06 0.16033482999766096588 -0.00022281252176419653596 0.29137437907047569752 2.5698154890729283991e-06 0.00056230606553053293175 -31077238839
52089.112785900210596 1410 -8.1584726693465333501e-07 0.15168143495622279926 -0.00017851704478182651699 0.34956472564954310656 2.7739695711275684826e-06 0.00060697739665538180819 -31002624775
52136.034796693938876 1410 -9.7801918458566166259e-07 0.16433885027703842852 -0.00021400218110450365247 0.041373278596438467503 2.6277078949250992802e-06 0.00057497360960023372105 -30115552690
52168.903487694319974 1410 -8.9908689904608923352e-07 0.18495204164966344562 -0.00019673086216592051686 0.52598255197517573833 2.7128278013946543757e-06 0.00059359885328358058115 -29494160847
52209.804643167197462 1410 -7.43192848577806446e-07 0.15686700644297016383 -0.00016261939753697075545 0.1290208426071330905 2.8707181761186634598e-06 0.00062814713730385776671 -28720904983
52213.761834124216389 1410 -5.5194388090986509683e-07 0.17380235243050898286 -0.00012077185828623183667 0.18736485869158059359 3.0618248247144864642e-06 0.00066996353545601077389 -28646091382
52231.739917284241585 1410 -2.5293766200453651092e-07 0.15168143495622279926 -5.5345756203521123528e-05 0.45243004837539047003 3.3594386443613260162e-06 0.00073508496408958952062 -28306213361
52259.637484777292638 1410 -2.7443219792400937644e-07 0.15686700644297016383 -6.0049015240863046053e-05 0.8637460911413654685 3.3333643605057594196e-06 0.0007293796019619609621 -27778808440
52278.608472844346213 1410 3.9303843124996324506e-07 0.35285585967981153432 8.6001463847581216703e-05 0.14345046831294894218 3.9960397015040689326e-06 0.00087438081520287351967 -27420144510
52281.574222529376456 1410 -5.7963903933810075209e-07 0.54083940103359595675 -0.00012683188696776338518 0.18717687658499926329 3.0224896620440257639e-06 0.00066135653598376089962 -27364074902
52293.583404547448477 1410 -1.5515847305288775133e-06 0.44554153309245908554 -0.00033950511578389265237 0.36423780582845211029 2.0466705976949612639e-06 0.00044783576724492921198 -27137037903
52308.49526950320023 1410 -1.2492373386404334892e-06 0.22584786408194976182 -0.00027334792548010878859 0.58409530005883425474 2.3434498223905346935e-06 0.0005127745766183495567 -26855132758
52315.518486041914414 1410 -6.999368287222559107e-07 0.16033482999766096588 -0.00015315446807456024586 0.68764417164493352175 2.8898365488195822073e-06 0.00063233046368604803521 -26722359631
52328.449052226386197 1410 -1.1452509775284865394e-06 0.16033482999766096588 -0.00025059447806945823727 0.87828980106860399246 2.4386699937016046769e-06 0.00053360987787508955171 -26477901720
52357.369335390867285 1400 -1.073376188369113024e-06 0.18495204164966344562 -0.00023486742292682462037 0.3046845549251884222 2.4951671738650957209e-06 0.00054597213003925679826 -25931141803
52379.353873442917592 1410 -1.1451607645278576363e-06 0.19106872509748645816 -0.00025057473839645095763 0.62882009823806583881 2.409578146491422435e-06 0.0005272442371458890315 -25515528157
52414.246993905732154 1410 -6.3423276841607372011e-07 0.15686700644297016383 -0.00013877764149022110402 0.14327714650426059961 2.8948436529975037469e-06 0.0006334260773835918487 -24855851708
52462.117837866211374 1410 -4.4530599577648477687e-07 0.18495204164966344562 -9.7438226015426298979e-05 0.849075102130882442 3.0410752360316835418e-06 0.00066542327969709909937 -23950848220
52470.069102957865802 1410 -7.6286287394383025725e-07 0.15397161332654421551 -0.00016692343205598004759 0.96630693215411156416 2.7155874613092118496e-06 0.00059420269955789693238 -23800522756
52506.998577722333295 1410 -6.1682245734556718434e-07 0.16433885027703842852 -0.00013496805922279887496 0.51078757282812148333 2.8216608418332455612e-06 0.00061741281153426683569 -23102356423
52509.950654384006466 1410 -6.3546193301918739621e-07 0.22584786408194976182 -0.00013904659726342939435 0.55431238876190036535 2.7996039959443148765e-06 0.00061258651241568994195 -23046548311
52542.897895342620529 1410 -2.2666205319050955014e-07 0.3438128236560975548 -4.9596341790517872575e-05 0.04007978679146617651 3.1680270239500706344e-06 0.0006932018344921780257 -22423666185
52574.781388384136669 1410 8.9107905944658890344e-08 0.52163901091691644574 1.9497865201786080015e-05 0.51016350253485143185 3.4408167230580206197e-06 0.00075289145153856987936 -21820899089
52602.716157910068112 1410 -2.2218415649692634461e-07 0.20422354837378292602 -4.8616524958403861512e-05 0.92202804447151720524 3.0887090304485338347e-06 0.00067584611808324800997 -21292786437
52606.716201528064275 1410 2.1469910025698031695e-07 0.16884092427601446462 4.6978706001184800274e-05 0.98100387142039835453 3.5195061018635053688e-06 0.00077010961960678255525 -21217161809
52629.630262677012926 1410 -8.1600631182297181762e-07 0.47392748148886543191 -0.00017855184568709515629 0.31884411349892616272 2.4527709706935681041e-06 0.0005366953386508544169 -20783955701
52723.38651939640744 1410 -5.1338093221419693097e-07 0.16433885027703842852 -0.00011233382837765671907 0.70116723212413489819 2.5873025626616638297e-06 0.00056613244434610775883 -19011474677
52726.386300328844793 1410 -2.5687940152077344526e-07 0.21120430324777678122 -5.6208255495064041022e-05 0.74539539008401334286 2.8378772189214158855e-06 0.00062096114690557323876 -18954763244
52760.288711282292418 1410 -1.7324643008591723901e-07 0.47392748148886543191 -3.7908370808351865397e-05 0.24524561956059187651 2.8521597857388251191e-06 0.00062408634168586916229 -18313812437
52777.263820089728199 1410 -3.8102650615457945779e-07 0.38027260972936088868 -8.3373112369215196374e-05 0.49552316009066998959 2.6080245520851516049e-06 0.00057066666106019966074 -17992898553
52795.179057364092959 1410 4.0485886149344346854e-07 0.41738142952265960828 8.8587913984313526753e-05 0.75966176297515630722 3.3543599317437235493e-06 0.00073397368161732356212 -17654212587
52799.193184541609345 1410 -9.3866088860029234987e-08 0.20422354837378292602 -2.0539011978896415222e-05 0.81884523504413664341 2.8466066651300790303e-06 0.00062287125312632164191 -17578323666
52800.194455858375882 1410 1.0125229496389550475e-07 0.17918498182152112208 2.21552013555745721e-05 0.83360777504276484251 3.0394635556700977392e-06 0.00066507062494547602643 -17559394025
52802.183336397920183 1410 1.8157648098018199755e-07 0.19106872509748645816 3.973108460392981172e-05 0.86293142393697053194 3.1152843406170293247e-06 0.00068166111070222828461 -17521792874
52829.091021450107139 1410 6.2022275495792239341e-08 0.29951169878717398554 1.3571208461301320808e-05 0.25965284195262938738 2.9333329815002543249e-06 0.00064184799832200972677 -17013081110
52860.996774175047328 1410 5.2566553115645642722e-08 0.16884092427601446462 1.1502184412322857991e-05 0.730064749950543046 2.8463465836761833381e-06 0.00062281434422384230244 -16409905925
52878.944433047925116 1410 7.4745434283715316232e-08 0.18495204164966344562 1.6355186295343482493e-05 0.9946813702117651701 2.8232196180724573884e-06 0.00061775389023732574201 -16070593031
52945.764402087271034 1410 7.3435735725435838638e-07 0.16033482999766096588 0.00016068608738912447692 0.97986135946121066809 3.3034522167557634811e-06 0.00072283447063437613901 -14807339228
53036.518102187728402 1410 7.174941100564455527e-07 0.15397161332654421551 0.00015699620917637079358 0.31791539594996720552 3.0159261924055675153e-06 0.00065992037109008520818 -13091601391
53084.385690629245868 1410 7.2286475965857457114e-07 0.15397161332654421551 0.00015817137091851040126 0.023665352840907871723 2.8659959428498417598e-06 0.00062711385673519466681 -12186654239
53106.323745104118856 1410 6.1163502281754718609e-07 0.16033482999766096588 0.00013383298710884704591 0.34711555158719420433 2.6806945158079429033e-06 0.0005865677098152411153 -11771902313
53119.291480872266909 1410 5.9427045003762858111e-07 0.17380235243050898286 0.00013003341292112312616 0.53830920183099806309 2.6186919318274132841e-06 0.00057300081009070270222 -11526750099
53149.237585785307701 1410 5.7256005798340358717e-07 0.16033482999766096588 0.00012528292200492873193 0.97982846235390752554 2.4914677425447976536e-06 0.00054516265065084838134 -10960608837
50858.504069799663402 1429.5619999999998981 1.6272877489888395131e-06 0.17128073792356401928 0.00035606983283848679959 0.20572091452777385712 1.828066241757422856e-06 0.00040000254504755727549 -54267704379
50865.452255023537635 1419.5619999999998981 1.5208005624617438185e-06 0.1460722122227243458 0.00033276917520758874118 0.30816353973932564259 1.7567853354551150576e-06 0.00038440543850791193259 -54136346450
50865.467962436836043 1419.5619999999998981 1.5759426854970967608e-06 0.1575978781064028833 0.00034483492482301957312 0.30839512660168111324 1.812006931056451445e-06 0.00039648857766204147009 -54136049499
50873.466325883920131 1399.125 1.2241598660966804511e-06 0.16624407112327532765 0.00026786067747359342277 0.42632136528845876455 1.5005245501079896971e-06 0.00032833254355844219663 -53984840878
50893.435844800142529 1419.125 1.2445069711231560591e-06 0.1575978781064028833 0.00027231286504154271781 0.72074787749443203211 1.6204332231879289722e-06 0.00035456998140923963562 -53607320697
50900.421465782829042 1419.125 8.389948447473649993e-07 0.17128073792356401928 0.00018358200896379716099 0.82374244788661599159 1.2493943008069519324e-06 0.0002733822706611801248 -53475254805
50970.238025651005678 1419.125 1.1511907496794015905e-06 0.17674017987894158344 0.0002518941705658770293 0.85310356086120009422 1.8959903465803762951e-06 0.00041486514366605075246 -52155348159
50971.200018214430703 1419.5619999999998981 1.580143891303015719e-06 0.15111945997667086683 0.00034575419841182596385 0.8672869829460978508 2.3294224822175512586e-06 0.00050970522845072130182 -52137160990
50981.207888104776831 1419.5619999999998981 1.5043609805203782958e-06 0.1575978781064028833 0.00032917199997079736891 0.014840974588878452778 2.3000290715342014616e-06 0.00050327360206191774773 -51947953039
50893.433703376561372 1419.125 1.2398734212574593648e-06 0.1575978781064028833 0.00027129898945183671417 0.72071630472782999277 1.615789032643941791e-06 0.00035355377751309702539 -53607361181
50984.174094135399788 1419.125 8.3825837680120615448e-07 0.1575978781064028833 0.00018342086105455822648 0.058574111084453761578 1.6476029316213496615e-06 0.00036051503540855225481 -51891873983
50985.149632339106201 1419.125 1.2678960465600752035e-06 0.24746129229364463575 0.00027743067176395274102 0.072957247262820601463 2.0817314331483774134e-06 0.00045550749329757904366 -51873430497
50986.140527056011639 1409.125 1.2733192677633816254e-06 0.15111945997667086683 0.00027861733679508037269 0.087566796806640923023 2.0917124558888030021e-06 0.00045769145928696771502 -51854696704
51011.071986256724756 1419.125 1.1413459276210909284e-06 0.30681768394869390892 0.00024974000689887619912 0.4551511440658941865 2.0731888971043051637e-06 0.00045363828523457996829 -51383359785
51012.065650127844421 1419.125 1.1452988731016522049e-06 0.14878538632419727183 0.00025060495818813509643 0.46980152151081711054 2.0816144521914247771e-06 0.00045548189647869234465 -51364574850
51014.08522924103432 1409.125 1.2431792139852599659e-06 0.17128073792356401928 0.00027202233605400837362 0.49957778386306017637 2.1885741513388507697e-06 0.00047888594546728951306 -51326395318
51015.08821632002892 1419.125 1.2459191221407411152e-06 0.15406846265099363724 0.00027262186040950185954 0.51436562067829072475 2.1958173940594530617e-06 0.00048047085276247196624 -51307434160
51020.05770641659371 1419.125 1.0050193529818103757e-06 0.1575978781064028833 0.00021991013773565358819 0.58763476868625730276 1.9771740001334375658e-06 0.00043262908859086097782 -51213487369
51025.062168944206729 1419.125 9.2968993460705241446e-07 0.15111945997667086683 0.00020342716880456722678 0.66141954297199845314 1.9241635374808000142e-06 0.00042102977151424421373 -51118878740
51029.030095576787208 1419.125 1.1962476378313251942e-06 0.19528720179172168181 0.00026175315134075648486 0.71992184361442923546 2.2083502509665810995e-06 0.00048321319029108833937 -51043864825
51033.028736331014777 1419.125 1.0168556444863668936e-06 0.1575978781064028833 0.00022250005850416786374 0.77887698705308139324 2.0466637477583119623e-06 0.00044783426839766069009 -50968269332
51038.032694566926761 1419.125 7.6583373059118776549e-07 0.1575978781064028833 0.00016757349067681647241 0.85265432624146342278 1.8177141253616273351e-06 0.00039773737937119431164 -50873666679
51041.999971158260244 1419.125 7.8960440735328836646e-07 0.15111945997667086683 0.00017277479628880686462 0.91114704275969415903 1.8589169598368517431e-06 0.0004067530475547600537 -50798662167
51044.994953761626128 1419.125 9.2217395800102551858e-07 0.14878538632419727183 0.00020178258410503334702 0.95530445524491369724 2.0046071983630187696e-06 0.00043863179727830839028 -50742039262
51055.951498234087815 1419.125 7.4876934132147093816e-07 0.15406846265099363724 0.00016383960019645459354 0.11684551124926656485 1.8789132550009494287e-06 0.00041112847376988000588 -50534895236
51060.963426231521947 1419.125 1.3556401438087000919e-06 0.31565343524764727379 0.00029663011947029448449 0.19074035505764186382 2.5074570575338914923e-06 0.0005486613021455863296 -50440140992
51064.938299212815448 1419.125 8.2053985183360072344e-07 0.14878538632419727183 0.00017954383793601013125 0.24934507114812731743 1.9894774839191729699e-06 0.00043532123656385471031 -50364994001
51068.919349897492417 1419.125 8.3423706496263049361e-07 0.1575978781064028833 0.00018254095039644456805 0.30804087023716419935 2.0202620302804848172e-06 0.00044205725991540526256 -50289731166
51072.906663790169894 1419.125 8.7972682920824634221e-07 0.16624407112327532765 0.00019249464958754546345 0.36682901263702660799 2.0828057426302494356e-06 0.00045574256493617809748 -50214350835
51138.738420035891259 1419.5619999999998981 1.0789295043853767253e-06 0.17128073792356401928 0.00023608255424385137261 0.33743899408727884293 2.5548902751649719438e-06 0.00055904025195540648287 -48969778172
51250.449317657017808 1419.5619999999998981 2.4727650115382588669e-07 0.1575978781064028833 5.4107027159418830276e-05 0.98448167461901903152 2.1488021555724586359e-06 0.00047018336173986210472 -46857852723
51281.326136205182834 1419.5619999999998981 1.6852238047137460135e-07 0.14878538632419727183 3.6874692801732489477e-05 0.43972318700980395079 2.1793530060368224649e-06 0.00047686824966130017241 -46274111665
51307.280281783511839 1419.5619999999998981 4.3958009304880235967e-07 0.37912674817749353329 9.6185330681849190596e-05 0.82238581369165331125 2.5394986670267091563e-06 0.00055567238579878349042 -45783449230
51342.18338664371888 1419.5619999999998981 1.1310010601873812819e-06 0.45402322758162999561 0.00024747642738127327859 0.33699006994720548391 3.346714355001333758e-06 0.0007323007388729882907 -45123581223
51364.10394418939083 1419.5619999999998981 3.8731177429441861297e-08 0.18877788849237780999 8.474840348001489046e-06 0.66018229757901281118 2.32481041322115255e-06 0.0005086960531296339932 -44709177548
51371.076457747512727 1409.125 7.6509812720013999755e-07 0.34254502066683240047 0.00016741253194247550667 0.76298361481167376041 3.0731788939797808019e-06 0.00067244794028720432736 -44577361147
51398.005438585184923 1419.125 5.0652445741818325493e-07 0.28077943511525310649 0.00011083355048519737423 0.16001901356503367424 2.8978564945511281262e-06 0.00063408532279918259623 -44068246732
51534.641354818908624 1409.125 7.1142880704862611763e-07 0.16166969779040418764 0.00015566904904169208705 0.17455108265858143568 3.4829163006961497168e-06 0.00076210333774707493313 -41485097469
51558.574188656179267 1409.125 -1.8089149142045183929e-07 0.22391313312005758918 -3.958120077534400523e-05 0.52741190139204263687 2.6499182492244256003e-06 0.00057983349817713649486 -41032645844
51587.483305001506686 1409.125 -3.9797961720586479804e-07 0.14878538632419727183 -8.7082653857421210398e-05 0.95364201406482607126 2.5016002286902599844e-06 0.00054737975862716966041 -40486110806
51621.390496990873689 1409.125 -7.1810375852343331315e-07 0.14878538632419727183 -0.0001571296074815356046 0.45356273418292403221 2.2581107179482019461e-06 0.00049410136982240999628 -39845078741
51657.308389492895031 1409.125 -5.6695425349626162429e-07 0.1575978781064028833 -0.00012405630558880799114 0.9831288123968988657 2.4856974024643934929e-06 0.00054390003189818620451 -39166042348
51658.328634205120494 1409.125 -2.9374280112866281764e-07 0.19528720179172168181 -6.4274403934020629522e-05 0.99817109224386513233 2.7610088591968163483e-06 0.00060414143938014373063 -39146753608
51659.320091762283766 1409.125 -5.9201910275540494874e-07 0.16624407112327532765 -0.00012954079147114240228 0.012788940104655921459 2.4647695824202301012e-06 0.00053932077700646250418 -39128009113
51661.317043698315587 1409.125 -2.4535484863799944349e-07 0.16624407112327532765 -5.3686546829182735072e-05 0.042231592000462114811 2.8155254433571891783e-06 0.00061607031368093734083 -39090254751
51685.2256311258549 1499.125 -7.7964804516478892041e-07 0.18258447684192821714 -0.00017059622632025562823 0.39473492663819342852 2.3290467997696686875e-06 0.00050962302468159625197 -38638251388
51720.121865909843976 1409.125 -6.5550537968895709087e-07 0.15406846265099363724 -0.00014343234078644596635 0.90923789190128445625 2.5190978265748667937e-06 0.00055120844028332937676 -37978535005
51720.121865909844175 1409.125 -6.3831536391117686657e-07 0.15406846265099363724 -0.0001396709617382177025 0.90923789190128445625 2.5362878423526481662e-06 0.00055496981933155789186 -37978535005
51786.930928730615193 1409.125 -1.1654496783449338414e-06 0.16624407112327532765 -0.00025501419303857543168 0.89425708202179521322 2.1224931450042346601e-06 0.00046442663862743502194 -36715487252
51789.916117456529694 1409.125 -1.0847769103582850959e-06 0.15406846265099363724 -0.0002373620359265507072 0.93827009550295770168 2.2078365389700031352e-06 0.00048310078402190681213 -36659049616
51790.9078508066033 1409.125 -9.7300330184815106176e-07 0.17674017987894158344 -0.00021290464655414976775 0.95289200975093990564 2.3211543759170066119e-06 0.00050789606886591208629 -36640299960
51797.893891116035466 1409.125 -7.8723119105252255576e-07 0.21641878657741484004 -0.0001722555084541701585 0.055892762611620128155 2.5176988433966657376e-06 0.00055090232619458543117 -36508221972
51833.792952686553956 1409.125 -8.6271762593629993475e-07 0.15111945997667086683 -0.00018877283445711069404 0.58518120134249329567 2.4946562217944492713e-06 0.00054586032767455724827 -35829543073
51860.723046773800178 1409.125 -8.4069850457712136519e-07 0.20208189227053627302 -0.00018395478991244741382 0.98223301360849291086 2.5528188676230709981e-06 0.00055858700345178851025 -35320418456
51860.785116206097037 1409.125 -4.9387178060307272663e-07 0.1575978781064028833 -0.00010806499494158484637 0.98314815270714461803 2.8997256294491567332e-06 0.0006344943116526334881 -35319244972
51860.774294873354687 1409.125 -4.6085199350631306659e-07 0.16166969779040418764 -0.00010083987444325172007 0.98298860515933483839 2.9327314839077823984e-06 0.00064171638352472675405 -35319449560
51908.624099174400371 1409.125 -5.392405736373771305e-07 0.15111945997667086683 -0.00011799222419888534247 0.68847635621204972267 2.9117895649648845218e-06 0.00063713404362697463973 -34414837724
51936.530552860611042 1409.125 -7.2301004227455509527e-07 0.15406846265099363724 -0.00015820316047559314071 0.099923415225930511951 2.7575280938153814237e-06 0.00060337980668900618704 -33887246506
51949.508716971262892 1402.125 -4.6969383187941561801e-07 0.29805551694884063751 -0.00010277457340073593557 0.29127081879414618015 3.0235641377864960702e-06 0.00066159164400214802439 -33641886680
51985.427876013848557 1409.125 -1.5831043482473205631e-06 0.31565343524764727379 -0.00034640198145446189342 0.82085557060781866312 1.9420368178132893946e-06 0.00042494065693952897988 -32962836168
52013.316912723971697 1409.125 -1.13540519115870583e-06 0.15406846265099363724 -0.00024844010339968659577 0.23204583721235394478 2.4111286263267798899e-06 0.000527583500497523199 -32435570815
52042.264763225512802 1409.125 -1.0520763103581110757e-06 0.15111945997667086683 -0.0002302067573453561276 0.65884703840129077435 2.51355120675551361e-06 0.00054999477417349542935 -31888314406
52089.11262438035936 1409.125 -7.2397405447552543442e-07 0.15111945997667086683 -0.00015841409776278593242 0.34956234414130449295 2.8658427835867025207e-06 0.00062708034367442373568 -31002627829
52114.076914198007426 1409.125 -8.2891694606151994274e-07 0.16166969779040418764 -0.00018137684537016608415 0.71763073944021016359 2.7704006876290430275e-06 0.00060619648267656667721 -30530682179
52135.984904798273021 1409.125 -1.2590855191628294884e-06 0.20208189227053627302 -0.00027550282401882865131 0.040637682657688856125 2.3466290575509217196e-06 0.00051347023092584168054 -30116495946
52168.900559504033225 1409.125 -1.0823452493520224989e-06 0.18258447684192821714 -0.00023682995969814070167 0.52593937935307621956 2.5295691185675123e-06 0.00055349968299178157572 -29494216204
52213.757274926146646 1409.125 -6.0771859226956903532e-07 0.15111945997667086683 -0.00013297602571931489408 0.18729763873852789402 3.0060503128674967406e-06 0.00065775941167867258632 -28646177577
52213.801138307144907 1409.125 -4.6013398048656374678e-07 0.14878538632419727183 -0.00010068276469048865735 0.18794435146264731884 3.1536330292796914505e-06 0.00069005225797791697187 -28645348312
52259.625320083057129 1409.125 -3.6289440794874255518e-07 0.15406846265099363724 -7.9405594527840694782e-05 0.86356673738919198513 3.2449048106505928756e-06 0.000710023604751591155 -27779038423
52308.495095497675695 1409.125 -1.1451899266367966514e-06 0.14709551721123462209 -0.0002505811194112785965 0.58409273449797183275 2.4474972676462981388e-06 0.00053554138996313888393 -26855136048
52328.4488549570289 1409.125 -1.1509580055730637643e-06 0.15111945997667086683 -0.0002518432433988229245 0.87828689254820346832 2.4329630654133860413e-06 0.00053236113437359762362 -26477905450
52385.297428619853775 1409.125 -8.6458050943583293831e-07 0.28937361867254002279 -0.00018918045543053009212 0.7164506629342213273 2.686112582932702883e-06 0.00058775324707293862773 -25403165226
52385.33843804771324 1409.125 -7.4938914831101385148e-07 0.67589724898363112704 -0.00016397522130667053758 0.71705529757309705019 2.8012755467473427545e-06 0.00061295226752899735299 -25402389936
52414.24667064317385 1409.125 -5.9290843069562611109e-07 0.14878538632419727183 -0.00012973538695753373801 0.1432723804609850049 2.9361682899870310278e-06 0.0006424683973998983464 -24855857820
52444.168697251512992 1409.125 -7.3638687123069158075e-07 0.18258447684192821714 -0.0001611301690844149202 0.58443663525395095348 2.7670181157569546454e-06 0.00060545633588826381881 -24290180042
52470.071800278220564 1409.125 -7.1009312338539183467e-07 0.15111945997667086683 -0.0001553767856365331322 0.96634670090861618519 2.7683544519417222827e-06 0.00060574874207286264187 -23800471761
52509.950607912413883 1409.125 -6.5159712505721455595e-07 0.19528720179172168181 -0.00014257716838422053159 0.55431170365773141384 2.7834689369147652661e-06 0.00060905597039872902556 -23046549190
52542.894944397507665 1409.125 -5.9974696186788498531e-07 0.18877788849237780999 -0.00013123173857259385884 0.040036278660409152508 2.7949458893882513228e-06 0.00061156726353128579574 -22423721976
52574.785451475185383 1409.125 -5.9746558381641130357e-07 0.53041218988975036286 -0.00013073254603462115527 0.51022340788040310144 2.7542375139323235896e-06 0.00060265978883744296842 -21820822278
52602.714815020704879 1409.125 -9.1268316890021084774e-08 0.16624407112327532765 -1.9970588704224756356e-05 0.92200824525207281113 3.2196269150608067337e-06 0.00070449250180882230112 -21292811826
52629.629845618737122 1409.125 -3.821984937379432632e-07 0.33352224990791934367 -8.3629557133305898292e-05 0.31883796444162726402 2.8865794538210187747e-06 0.00063161777272380229978 -20783963586
52664.530922943662329 1409.125 -3.0833627526486219332e-07 0.20913414638370420029 -6.7467628918008959283e-05 0.83341232722159475088 2.9017517476040851119e-06 0.00063493765030198094226 -20124159694
52706.417213415585341 1409.125 -4.557490234674213021e-07 0.2315968289585171036 -9.9723284159906288971e-05 0.45097524719312787056 2.6778207512447831066e-06 0.00058593889609237169196 -19332276055
52723.379712793691613 1409.125 -6.1000595570258094141e-07 0.15406846265099363724 -0.00013347652792965815068 0.70106687699444591999 2.4906909397774950563e-06 0.00054499267700502343095 -19011603357
52795.181233652321321 1409.125 2.3009757495795120579e-07 0.25561121098973849097 5.0348074643054896593e-05 0.75969384971540421247 3.1795937903987497185e-06 0.00069573277998625070653 -17654171444
52829.090592918852774 1409.125 4.3673539730391273448e-08 0.18258447684192821714 9.5562877560704142015e-06 0.25964652374386787415 2.9149852765505614941e-06 0.00063783330317146459166 -17013089212
52860.9963804460799 1409.125 7.0261784973431484044e-08 0.15111945997667086683 1.5374110722562217708e-05 0.73005894490052014589 2.864042779845440409e-06 0.00062668648153685273215 -16409913369
52896.888603248133524 1409.125 2.5896633369735402142e-07 0.15111945997667086683 5.6664900972621434934e-05 0.25924655422568321228 2.9609258231563078445e-06 0.00064788563888196283622 -15731344551
52896.937650059517203 1409.125 2.6756855729620965955e-07 0.1575978781064028833 5.8547169379537844668e-05 0.25996969046536833048 2.9693992446696734271e-06 0.00064973972386706083033 -15730417304
52917.829999984754437 1409.125 3.0609371495788787018e-07 0.16624407112327532765 6.6976930162284442786e-05 0.56800223479513078928 2.9522324388714125038e-06 0.00064598342343724701557 -15335449831
52945.762018158170605 1409.125 8.3469059062262961244e-07 0.14709551721123462209 0.00018264018718234441578 0.97982621134724467993 3.4037921670522120841e-06 0.00074479004017103560962 -14807384299
52980.651060489557853 1409.125 9.7253015333235447249e-07 0.20913414638370420029 0.0002128011160549911797 0.49422313249669969082 3.4412637978068063488e-06 0.00075298927678869258203 -14147792891
52980.701731616374371 1409.125 4.7055038575051504483e-07 0.20208189227053627302 0.00010296199753263212145 0.49497021723072975874 2.9391349110943324495e-06 0.00064311752923440537828 -14146834969
53036.517732418324524 1409.125 8.7180476109091075515e-07 0.15111945997667086683 0.00019076120725564836859 0.31790994410403072834 3.1702379740121113576e-06 0.00069368561655192392108 -13091608382
53057.478328113328867 1409.125 6.0617864925094293282e-07 0.15111945997667086683 0.00013263906794797807337 0.62694869015831500292 2.8376752289205606299e-06 0.00062091694910104587862 -12695352472
53084.385216571615135 1409.125 9.8974007050374929263e-07 0.14878538632419727183 0.00021656684976385153235 0.023658363381400704384 3.1328728497967778361e-06 0.00068550968482650517977 -12186663202
53119.291215354555948 1409.125 7.085754260348161325e-07 0.1575978781064028833 0.0001550446954808402002 0.53830528701655566692 2.7329978388839588621e-06 0.00059801229637723464433 -11526755119
53149.237297012649563 1409.125 7.2694615807737007274e-07 0.15111945997667086683 0.00015906442923203288914 0.97982420469634234905 2.6458548734544838137e-06 0.000578944383432640835 -10960614297
51474.84205068706072 2380 1.3833511967501316984e-06 0.59096640969437030932 0.00030269362605956561267 0.29288234421983361244 3.9971474958704353562e-06 0.0008746232137307900567 -42615622980
51534.672987774460523 2380 1.8617401981632736509e-06 0.35628822235242962879 0.00040737080553860581815 0.1750174724729731679 4.633307496898050425e-06 0.0010138225565422795203 -41484499426
51558.601435888863545 2380 5.450439788455796377e-07 0.34834077766901527795 0.00011926207799312836827 0.52781362901441752911 3.3759199577128619262e-06 0.0007386912706531869341 -41032130743
51587.511039197063898 2380 4.3724260204540782502e-07 0.5828733116098679945 9.5673859965402552496e-05 0.95405092136934399605 3.3368869570537226036e-06 0.00073015038780777714902 -40485586464
51657.341562976456849 2380 -5.9794822170716995227e-07 0.43788274387905984364 -0.00013083815292141222059 0.98361791542265564203 2.4547717341072581698e-06 0.00053713312938252105582 -39165415170
51661.342253942946453 2380 9.4454438800437819855e-07 0.38437130146130099595 0.00020667749914189047516 0.042603286681696772575 4.0054761542808750427e-06 0.00087644562283441470109 -39089778126
51685.263583524933633 2380 1.0016784460156521919e-06 0.36843085835344241419 0.00021917910772224135102 0.3952944889897480607 4.1104474431770634724e-06 0.00089941458410959889989 -38637533903
51720.166240301172355 2380 4.0791037526222850683e-07 0.57484023640230197394 8.9255621338609525565e-05 0.90989213890861719847 3.5825945171853680928e-06 0.00078391411208923333684 -37977696068
51763.052848306686691 2380 3.0203675684704011787e-07 0.38889754098869577792 6.6089219677608379725e-05 0.54220353648997843266 3.5514092162779524443e-06 0.0007770903988965166401 -37166907232
51797.935797584559317 2380 4.5344286848160334567e-07 0.35894469962245484362 9.9218670135244646672e-05 0.05651062296237796545 3.7584370130175728392e-06 0.00082239053283029851856 -36507429689
51833.845472558350693 2350 8.2633884508077876747e-08 0.37595385007611553663 1.8081272634092637898e-05 0.58595554355997592211 3.4400809534063745186e-06 0.00075273045642444083194 -35828550197
51860.748787005438977 2380 6.9680292872182118871e-07 0.36502232450502852812 0.00015246873363700873555 0.98261252231895923615 4.0903535197896534104e-06 0.00089501779568292370374 -35319931811
51936.559616940709724 2380 3.6270162467983228967e-07 0.41441681600419444376 7.9363411265306094292e-05 0.10035193013027310371 3.8432689561309000125e-06 0.00084095276672070654596 -33886697023
51950.537489781594694 2380 7.5685226656764630364e-07 0.38437130146130099595 0.00016560823997331030072 0.30643883522134274244 4.2510912735198746173e-06 0.00093018911995370345772 -33622437537
52042.231394429273088 2380 1.7763083433988538905e-07 0.34704653490137937766 3.8867730387367227684e-05 0.65835505560971796513 3.7432381341648408875e-06 0.00081906483812400733606 -31888945241
52078.204696318345121 2380 2.4949066004541334374e-07 0.36843085835344241419 5.4591511349074462056e-05 0.18873807857744395733 3.8344164105752673797e-06 0.00083901572490487043401 -31208845584
52079.191948779848303 2380 7.8554658468732953733e-07 0.35628822235242962879 0.0001718868966292328328 0.20329392736312001944 4.3709335753689789116e-06 0.00095641203499310298562 -31190180982
52089.148433886939824 2380 6.3328107202023626871e-07 0.38005433478261280156 0.00013856939904705799521 0.35009031218942254782 4.223113206057597024e-06 0.00092406718742479002767 -31001950850
52136.019404796902723 2380 3.4991063156780933718e-07 0.35176881241385560273 7.65645904777309984e-05 0.041146343573927879333 3.9556338538327788018e-06 0.00086553953717140453765 -30115843689
52168.940868892376134 2380 4.7283025083054434213e-07 0.34834077766901527795 0.00010346085901453337968 0.52653369272593408823 4.0847497395766101805e-06 0.00089379162220195097412 -29493454167
52213.781510163728612 2380 1.2116107489030410744e-06 0.75348609634621288578 0.00026511478200170389712 0.18765495810657739639 4.8253785899723993715e-06 0.0010558499865690743177 -28645719394
52231.755889476561453 2380 8.2570852806093432813e-07 0.35389447210581620462 0.00018067480551160118879 0.45266553910914808512 4.4380830720645271024e-06 0.0009711051401789740483 -28305911411
52259.655193526344775 2380 6.385550244584033077e-07 0.38889754098869577792 0.00013972340230445555748 0.86400718532968312502 4.2463477588944725627e-06 0.00092915118277216728011 -27778473643
52281.618784219613023 2380 1.1001416633047240305e-06 0.3618581177575740937 0.00024072402584913364948 0.18783388496376574039 4.7022570305869803845e-06 0.0010289095311416792008 -27363232435
52308.559394631908312 2380 1.0559636951795690102e-06 0.47036294219151059126 0.00023105736318591229021 0.58504074788652360439 4.648625085817957167e-06 0.0010171742264172533394 -26853920488
52328.472781152781216 2380 2.2328180486159741245e-07 0.36502232450502852812 4.8856703420981684334e-05 0.87863965542055666447 3.807191470371096739e-06 0.00083305858553996065539 -26477453106
52357.418414048588335 2380 6.0792789363154881643e-07 0.34991612907531760568 0.00013302182333625099958 0.30540816066786646843 4.1764424927823667438e-06 0.00091385508259902072561 -25930213963
52470.115860823410589 2380 7.4498255668283469996e-07 0.35628822235242962879 0.00016301100686739377082 0.9669963206397369504 4.2233855741697059049e-06 0.00092412678479360780803 -23799638753
52509.977618983159925 2380 5.5478352469305686552e-07 0.36502232450502852812 0.00012139320597832269372 0.55470994929783046246 3.989818163412041599e-06 0.00087301946898134448142 -23046038553
52574.810091582158556 2380 9.9414559395889946912e-07 0.35176881241385560273 0.00021753083047421827317 0.51058669667690992355 4.3458140097469386418e-06 0.00095091557652251406846 -21820356464
52706.444692170872447 2380 4.8712916106476393963e-07 0.34991612907531760568 0.00010658962992799646557 0.45138038834556937218 3.6206465304364522134e-06 0.00079224034327108827518 -19331756576
52795.205331421593662 2380 4.6666963062172868489e-07 0.49126499711159382633 0.00010211284234735361636 0.76004914240911602974 3.4161118279941605234e-06 0.00074748572789740864259 -17653715867
52829.114978535544509 2380 9.7463880971396083154e-08 0.42584186899253384517 2.132625150459065437e-05 0.26000606035813689232 2.9687178422336662006e-06 0.00064959062494363097361 -17012628193
52861.028832094527669 2380 1.1258889956937633821e-06 0.35176881241385560273 0.00024635784712352036833 0.73053740535397082567 3.9195891712890169653e-06 0.00085765253372284503946 -16409299863
52878.960173398299268 2380 1.045349668463297382e-06 0.38889754098869577792 0.00022873488842940136194 0.99491344275884330273 3.7937835673091400768e-06 0.00083012477754874822551 -16070295444
52917.863202866688692 2380 1.784293816842685064e-06 0.36502232450502852812 0.00039042462004197008311 0.56849177123513072729 4.4303427267811154203e-06 0.00096941146095543835285 -15334822139
52945.795071525369263 2380 1.2684929553600344514e-06 0.38889754098869577792 0.0002775612824790849477 0.98031354346312582493 3.8375016253673247929e-06 0.00083969080644220845288 -14806759392
53015.595661027088997 2380 2.1239977040214091735e-06 0.3618581177575740937 0.00046475585396017126143 0.0094391925958916544914 4.4875912053361322925e-06 0.00098193810610594047069 -13487153997
53036.545303984493078 2380 2.6091380994272493511e-06 0.52052021803869863437 0.00057091031840734362003 0.31831645371858030558 4.9074843746817233009e-06 0.0010738157047124622843 -13091087138
53057.502613066056146 2380 1.0556758149536402492e-06 0.39362583424751779182 0.0002309943715828674972 0.6273067425936460495 3.2870938863687782604e-06 0.00071925507420001478473 -12694893368
53084.416480436685308 2380 1.0697137958049129236e-06 0.48419138508141007504 0.00023406604805693208576 0.024119311477988958359 3.2127422798246432441e-06 0.00070298606207853001434 -12186072127
53106.356618306439824 2380 1.4417544549165861572e-06 0.3618581177575740937 0.00031547295066609225573 0.34760022745467722416 3.5107015723686571607e-06 0.00076818308427374132486 -11771280845
53119.324585130315782 2380 1.201875160057803006e-06 0.3618581177575740937 0.00026298451985546565952 0.53879728424362838268 3.2261818721566328405e-06 0.00070592680405734876146 -11526124273
53149.204946705617946 2380 1.9107170623191188122e-06 0.38889754098869577792 0.00041808752349076970818 0.97934723843354731798 3.8297416114551361104e-06 0.00083799282348974396746 -10961225911
51534.673195884923672 2378.25 9.4081330066616710321e-07 0.32204564312172861973 0.00020586109304183340968 0.17502054083161056042 3.7123811314347968645e-06 0.00081231296046081547709 -41484495492
51558.601516687317517 2378.25 7.4825938681441422678e-07 0.31577428054496109455 0.00016372801611048347652 0.52781482029240578413 3.5791355651944280317e-06 0.0007831572524262906979 -41032129216
51587.511177749674683 2378.25 5.9215245627608859468e-07 0.42768375729467189572 0.00012956997080088771283 0.95405296410899609327 3.4917971438056102897e-06 0.00076404657140284071559 -40485583845
51621.447376992193821 2378.25 1.149406464030367372e-07 0.35737011102453403177 2.5150374773304829005e-05 0.45440136129036545753 3.0912799513319192894e-06 0.00067640866602214625331 -39844003440
51657.338183014255652 2378.25 -3.3381360044228831495e-07 0.3725766984846043961 -7.3042369416568508747e-05 0.98356808198150247335 2.7188994389312688372e-06 0.0005949273994881848784 -39165479072
51658.352107973694643 2378.25 5.2495850149656374566e-07 0.56543204388652024139 0.00011486713765968746842 0.99851718463469296694 3.5797583773955999697e-06 0.00078329353111240436257 -39146309813
51659.34538272954164 2378.25 4.2436265951330292784e-07 0.32002093096184786036 9.2855575991209515933e-05 0.013161825016140937805 3.481203284499909804e-06 0.00076172850951462263466 -39127530962
51661.344464378852546 2378.25 4.3504304083434970394e-07 0.36223389716271414684 9.5192569921139547239e-05 0.042635876918211579323 3.4959793959033251505e-06 0.00076496169769580708295 -39089736336
51678.254316417633575 2378.25 1.1345527421796740373e-07 0.34830072674872181171 2.4825357746679255363e-05 0.29195128497667610645 3.2084318241795915758e-06 0.00070204288333098216094 -38770044254
51679.239881557276057 2378.25 3.8594103232617616937e-07 0.32204564312172861973 8.4448468902494677905e-05 0.30648225639015436172 3.4828681516268866645e-06 0.00076209280216044959484 -38751411962
51685.268317466720077 2378.25 1.9217568824275957865e-06 0.40163838991521688682 0.0004205031668845302552 0.39536428533028811216 5.0305351901825724372e-06 0.0011007406805400332249 -38637444409
51720.165962370056857 2378.25 7.7330002853044739958e-07 0.3673055897392357716 0.00016920720509567476213 0.90988804108928889036 3.9479836384196968859e-06 0.00086386557943098208749 -37977701323
51797.940610903372839 2378.25 4.2244537554601139667e-07 0.31577428054496109455 9.2436051551133313779e-05 0.056581589509733021259 3.7274468688004229731e-06 0.0008156095222328194672 -36507338689
51833.839755292900211 2348.25 -4.3865094980049213465e-07 0.34016671832160150224 -9.5982023134481242295e-05 0.58587124943733215332 2.9187881385890520502e-06 0.00063866541442603192766 -35828658281
51860.748381708987861 2378.25 6.580454883782803895e-07 0.32986875610413274318 0.0001439881466523482591 0.98260654672048985958 4.0515955474121955133e-06 0.00088653709228294083385 -35319939474
51908.589619084930362 2378.25 6.0156975583197175688e-07 0.32697614019020987408 0.0001316305874808429867 0.68796798889525234699 4.0525616544967042952e-06 0.00088674848795546333319 -34415489572
51936.566111076799498 2378.25 2.5307247861848505612e-07 0.34830072674872181171 5.5375255675401458154e-05 0.10044767835643142462 3.733646327484998189e-06 0.00081696603721849268739 -33886574246
52042.230641794130673 2378.25 3.5073751202731502591e-07 0.31498158081654203944 7.6745521715722897659e-05 0.6583439589012414217 3.91634437957472655e-06 0.000856942534864916552 -31888959470
52089.148318016485401 2378.25 5.2187390186872018961e-07 0.32986875610413274318 0.00011419219072756535709 0.35008860391099005938 4.1117059361497145317e-06 0.00089968995727742291843 -31001953041
52168.935186412308429 2378.25 5.3505983040590697631e-07 0.3168807287508784154 0.00011707742806372410953 0.52644991141278296709 4.1469785543532248657e-06 0.00090740802390411748748 -29493561593
52213.781452586697391 2378.25 9.8886637105976682705e-07 0.49316670229617876053 0.00021637567397753886282 0.18765410920605063438 4.6026342453812299006e-06 0.0010071108858208636416 -28645720483
52259.65191782645055 2378.25 6.5679401160287699945e-07 0.3168807287508784154 0.00014371430871158085168 0.86395888915285468102 4.2645874110813406088e-06 0.00093314223469844512454 -27778535573
52308.553155486736454 2378.25 6.2505910950140592157e-08 0.41438315150798277209 1.3677033626820811646e-05 0.58494875917676836252 3.6551698287495562987e-06 0.00079979444983092601685 -26854038438
52328.472792444022573 2378.25 1.4577404012812236964e-07 0.32204564312172861973 3.1897086506590166692e-05 0.87863982189446687698 3.7296836723854968615e-06 0.00081609896134961039055 -26477452893
52385.321110825822952 2378.25 4.3902913867820881175e-07 0.35737011102453403177 9.6064775340139785413e-05 0.71679982857313007116 3.9897058377518409152e-06 0.00087299489079652376811 -25402717510
52414.211831570870341 2378.25 6.9871685422502738289e-07 0.32436614535689106686 0.00015288752320536590518 0.1427587202051654458 4.227821473436162866e-06 0.00092509741209125517021 -24856516480
52444.203558317401736 2378.25 6.0935008678927022655e-07 0.3168807287508784154 0.00013333301604340962471 0.58495061972644180059 4.1127232182463751352e-06 0.00089991255064871364686 -24289521002
52470.114911571616812 2378.25 5.1925715956444783399e-07 0.31577428054496109455 0.00011361961651907480658 0.96698232507333159447 3.9976610748585346934e-06 0.00087473559089614112723 -23799656700
52509.977561932295874 2378.25 4.9273152806272138098e-07 0.32002093096184786036 0.00010781549418077051045 0.55470910819713026285 3.9277662000338216257e-06 0.00085944176445974900521 -23046039632
52574.809593741080509 2378.25 1.1594163265189046354e-06 0.32436614535689106686 0.00025369402420089758336 0.51057935657445341349 4.5110854239754078135e-06 0.00098707891940632688526 -21820365876
52629.672936143579179 2378.25 9.175786480729341462e-07 0.63349301200067542617 0.00020077707586658365429 0.31947328243404626846 4.1862869656934216674e-06 0.00091600916986846675086 -20783148955
52706.444195124427925 2378.25 7.5332646119013647375e-07 0.3182976535472540891 0.0001648367519975843966 0.45137306000106036663 3.8868447948733125779e-06 0.0008504876763434509087 -19331765973
52723.418895543719959 2378.25 1.501011943410964024e-06 0.50091256348157986444 0.00032843919098574846387 0.70164457941427826881 4.6016316108432781191e-06 0.0010068914975089019612 -19010862603
52760.313411438334878 2378.25 1.3748830290716724565e-06 0.32002093096184786036 0.00030084069067577078342 0.24560979357920587063 4.4002371221989561959e-06 0.00096282399810645420767 -18313345471
52795.20614142919672 2378.25 1.4023975619859323647e-06 0.36223389716271414684 0.00030686119635554208758 0.76006108499132096767 4.3518379304918455897e-06 0.0009522336817279420118 -17653700554
52829.11733974444239 2378.25 1.283798141239308183e-06 0.33647198435187408716 0.00028091023842186845243 0.26004087354522198439 4.1550464828934355528e-06 0.00090917338222408931592 -17012583554
52861.024376260120267 2378.25 1.0590373049818659933e-06 0.31498158081654203944 0.00023172990541404291392 0.73047170939389616251 3.8527485867850804829e-06 0.00084302702218320974525 -16409384102
52896.912339917733554 2378.25 1.3242615317036617099e-06 0.3168807287508784154 0.00028976410749798818826 0.25959652289748191833 4.0261586900643900204e-06 0.00088097120662479737384 -15730895801
52917.862937878501857 2378.25 1.22585010459095534e-06 0.3182976535472540891 0.00026823052167507998049 0.56848786433693021536 3.8718997460759808394e-06 0.00084721752265960759914 -15334827149
52945.792803855886106 2378.25 1.7378332070855094037e-06 0.32697614019020987408 0.00038025848835438668134 0.98028010933194309473 4.3068482614998052051e-06 0.00094238940930137897036 -14806802265
52980.676095333814036 2378.25 1.9303335351464353442e-06 0.3725766984846043961 0.0004223798400800413579 0.49459224112797528505 4.3989935095498515564e-06 0.00096255188092966253647 -14147319615
53015.595128892808351 2378.25 2.2744692980851376456e-06 0.32436614535689106686 0.0004976808209050185174 0.0094313469016924500465 4.6380644287537339997e-06 0.0010148634295727130211 -13487164058
53057.50158261495087 2378.25 1.7503615250783034508e-06 0.32986875610413274318 0.00038299983271478853523 0.62729154981207102537 3.9817829217054535502e-06 0.00087126126292770739575 -12694912849
53084.415809669084581 2378.25 2.0186607415653619078e-06 0.32697614019020987408 0.0004417068789791054219 0.024109421763569116592 4.1616914701032324559e-06 0.00091062738412785617915 -12186084809
53119.323775250678835 2378.25 2.0504670590594859022e-06 0.32002093096184786036 0.00044866647795622415244 0.53878534352406859398 4.0747765809624834259e-06 0.00089160937697653805728 -11526139584
53149.204322325065529 2378.25 1.7519587075157187802e-06 0.32436614535689106686 0.00038334931514889180067 0.97933803265914320946 3.670985501169802307e-06 0.00080325510627500269672 -10961237716
48850.026953677967334 1404 1.9836740583387827683e-06 0.54860125748016919101 0.00043405137831193573174 0.59314413345418870449 -1.564418388455620128e-05 -0.0034231327213824427864 -92238663980
48898.873622281991388 1414 3.1726711649748713794e-06 0.53615607775052120942 0.00069421802755293614563 0.31332944845780730247 -1.3840644245898263676e-05 -0.0030284968875825774034 -91315190740
48912.836617861174485 1414 2.2185512035854735779e-06 0.54310527497790239693 0.00048544527954270310104 0.51919700612779706717 -1.4620759456352593055e-05 -0.0031991953352012223155 -91051222589
48926.808702015053129 1414 1.6464809389589847874e-06 0.69127660144751246207 0.00036026953012530870142 0.72519856400322169065 -1.5019448912817228168e-05 -0.0032864333102956955446 -90787082061
48938.786410028792709 1414 2.2814001038894441444e-06 0.76743946973609777906 0.00049919736330245799723 0.90179544698912650347 -1.4236479606428515994e-05 -0.0031151103526831099994 -90560636946
48956.725676953591311 1414 1.7767177869085579842e-06 0.53241275314254343787 0.00038876689496298498809 0.16628833813592791557 -1.4520434619144528468e-05 -0.0031772430725872984913 -90221478605
48973.656147136710743 1414 4.1807049391912496301e-07 0.55160070676969119585 9.1478775635708042989e-05 0.41590773593634366989 -1.5671890348705122099e-05 -0.0034291952238895635624 -89901404159
48986.645349499373111 1414 9.0547820172982399528e-07 0.59013840724767518964 0.00019812935489078230561 0.60741788521409034729 -1.5026262139126428672e-05 -0.0032879241249070113715 -89655846839
48997.607488184756292 1414 1.4474783085337097236e-06 0.69127660144751246207 0.00031672539763000971975 0.76904142124112695456 -1.4351226818991086845e-05 -0.003140218401841118583 -89448606866
48998.609273208879877 1414 2.0614086025283171989e-06 0.46762112058028376671 0.00045106061725725598034 0.78381153522059321404 -1.372516149644888432e-05 -0.0030032278942421430712 -89429667711
49021.537318520792468 1414 7.3039674716021621704e-07 0.54805977083960488727 0.00015981945899163551032 0.12185795686673372984 -1.4779465971101458735e-05 -0.0032339222003251820308 -88996193586
49031.527784285634294 1414 4.5129109056649204867e-07 0.47620322595795200327 9.8747835642073222998e-05 0.26915534562431275845 -1.4938625246711571458e-05 -0.0032687481348880164745 -88807317889
49037.500956160219332 1414 7.5181723060921338509e-07 0.46289254953256731007 0.00016450651447137064637 0.35722257301677018404 -1.4566566215803762985e-05 -0.0031873372123122690294 -88694394279
49049.487040647282925 1414 -1.0001309232584543188e-07 0.46515536373641902523 -2.1884049141433170424e-05 0.53394295694306492805 -1.527526491781182412e-05 -0.0033424088820361179568 -88467800083
49050.457378657202479 1414 7.6806381724809083055e-07 0.45372845669272304781 0.00016806146005016929805 0.54824942257255315781 -1.4395624517122936976e-05 -0.0031499331440322551152 -88449456134
49076.411525404416668 1414 1.6568703873247843107e-07 0.45735053559907445919 3.6254286447886297107e-05 0.93091206636745482683 -1.4690018567275527859e-05 -0.0032143500489660100482 -87958785817
49077.400839545710173 1414 2.9891577940029202074e-07 0.47314850989172552165 6.5406312847856351737e-05 0.94549831224139779806 -1.4545100243455073879e-05 -0.0031826402033225173768 -87940081911
49091.359159304891715 1414 -2.0319732271568124726e-08 0.6035474400681029028 -4.4461980849766045678e-06 0.15129693062044680119 -1.4699800276810730564e-05 -0.0032164904028654593009 -87676186796
49100.32165289738079 1414 2.1372225273782245241e-07 0.46515536373641902523 4.6764960194352933768e-05 0.28343810746446251869 -1.4360502032239677113e-05 -0.0031422479283541885866 -87506746247
49114.298992025899665 1414 -4.4005432225848779505e-07 0.46762112058028376671 -9.6289097649630239609e-05 0.48951714357826858759 -1.4850739628441681351e-05 -0.0032495177207060674819 -87242505922
49128.27030123108376 1414 -1.3387319373845212854e-07 0.50266242391167481607 -2.9293040364634326092e-05 0.69550727575551718473 -1.4381828345685807643e-05 -0.0031469143783219606669 -86978380952
49144.220631978233417 1414 -1.0953466618772336926e-06 0.45898748611782463902 -0.00023967482274549835025 0.930675697629339993 -1.5158416969337815021e-05 -0.0033168411669798756901 -86676831386
49145.214614938016737 1414 -1.7284957499741221799e-06 0.50266242391167481607 -0.00037821534214692943394 0.94533077965024858713 -1.578007598700005514e-05 -0.0034528675228834804633 -86658039212
49159.157427830165535 1414 -4.7259138833418966432e-07 0.46289254953256731007 -0.00010340859307127826512 0.15090076788328588009 -1.4363393104531118275e-05 -0.0031428805292129961926 -86394437264
49163.125513176275888 1397 -4.8997799064338090043e-07 0.47620322595795200327 -0.00010721298758092158139 0.20940540859010070562 -1.4335157532654218393e-05 -0.0031367022516683185225 -86319417996
49177.119151510538845 1397 -1.1248174834951425606e-06 0.46083566747026022403 -0.00024612338756362729371 0.41572475689463317394 -1.4809587869222249793e-05 -0.0032405132283933971262 -86054866201
49216.038934475391819 1397 -2.2130912595212061759e-06 0.47314850989172552165 -0.00048425057911465697587 0.98955009551718831062 -1.5455615636270739375e-05 -0.0033818717552826413504 -85319079247
49227.9866921501525 1397 -1.9934759061376369715e-06 0.45372845669272304781 -0.0004361961387019866019 0.16570539679378271103 -1.510138133760072135e-05 -0.0033043610952340619633 -85093195997
49244.931094671671325 1397 -2.0997283992041949597e-06 0.46289254953256731007 -0.00045944544262404375375 0.41553021012805402279 -1.5017648510050530176e-05 -0.0032860393608466331711 -84772858127
49251.866508919629101 1397 -2.736257365751479402e-06 0.53700047710664122746 -0.00059872551946121089754 0.51778454275336116552 -1.5576731028773024067e-05 -0.0034083732376352575239 -84641746039
49267.853782133275153 1397 -2.2427254155508692537e-06 0.46083566747026022403 -0.00049073488343658678827 0.75349763687700033188 -1.4905362752393434579e-05 -0.003261469907175056937 -84339507900
49272.850292191203831 1397 -3.5816854585762962405e-06 0.48287629100294443552 -0.00078371519929881029425 0.82716516160871833563 -1.6188940326062715009e-05 -0.0035423318828002330561 -84245046559
49273.876840056805467 1397 -2.9965985852059130976e-06 0.86710409548840228222 -0.00065569126172142856417 0.84230037394445389509 -1.5592486415100332289e-05 -0.003411820702768179688 -84225639017
49274.839735708066268 1397 -2.0672195309259620584e-06 0.78349825297364916743 -0.00045233211721445255581 0.85649711091537028551 -1.4652448726385527223e-05 -0.0032061293228075395833 -84207434810
49281.849224428711764 1397 -3.2246414888037807604e-06 0.51649734986034556705 -0.00070558974993566804228 0.95984358235727995634 -1.5732386063005224161e-05 -0.00344243240268087881 -84074914407
49285.80974681279282 1397 -1.9446806816854170901e-06 0.45898748611782463902 -0.00042551916566829018894 0.018236716277897357941 -1.440872611828467499e-05 -0.0031527999295399044901 -84000036813
49286.827742967749671 1397 -2.283923062695424448e-06 0.45735053559907445919 -0.00049974941657076411543 0.033245843835175037384 -1.4736745775902055049e-05 -0.0032245745156437658485 -83980790582
49302.766900885909724 1397 -3.406729697018991173e-06 0.47028662793317893565 -0.00074543280651944511238 0.26824953593313694 -1.5684349252898133404e-05 -0.0034319213796884459903 -83679449265
49303.743137149322283 1397 -3.2880571382351818559e-06 0.45735053559907445919 -0.00071946584511699908081 0.28264296415727585554 -1.5554977492093542919e-05 -0.0034036133061640584084 -83660993243
49304.748077391904115 1397 -2.9124741806946490188e-06 0.46083566747026022403 -0.00063728384565713637171 0.29745959804859012365 -1.516838435870918132e-05 -0.0033190221498266425459 -83641994624
49305.737625977030905 1397 -2.9719215221662073949e-06 0.46083566747026022403 -0.00065029162805679076014 0.31204930052626878023 -1.5216993903325240868e-05 -0.0033296584939130220693 -83623287046
49312.759062281472662 1411 -2.6209916861392273636e-06 0.48648690877839695368 -0.00057350402357208364311 0.41557192464824765921 -1.4789271356145857085e-05 -0.0032360677347064525828 -83490547114
49315.750662171995106 1411 -2.5627507315688177542e-06 0.47620322595795200327 -0.00056076021291467182937 0.45967946306336671114 -1.4698368573546787213e-05 -0.0032161771292344229984 -83433991644
49317.712662449555904 1411 -2.4794625513626829252e-06 0.46289254953256731007 -0.00054253577263246112171 0.48860679485369473696 -1.4593677866036262896e-05 -0.0031932695624895872836 -83396900606
49330.688257853018765 1411 -2.9182419603618392204e-06 0.53700047710664122746 -0.00063854590416106217208 0.67991632584016770124 -1.4891278750608555951e-05 -0.0032583881607756541127 -83151599681
49331.674950528715573 1411 -2.0259585717455803134e-06 0.45735053559907445919 -0.00044330373065697782341 0.69446392136160284281 -1.3988285785310131273e-05 -0.0030608026050508412804 -83132946205
49332.683056801620985 1411 -3.1500246633532680605e-06 0.45592709111519164056 -0.00068926270477625363169 0.70932723453734070063 -1.5101413525652549138e-05 -0.0033043681383610324937 -83113887848
49333.680284926756702 1411 -3.2161849427411415708e-06 0.45898748611782463902 -0.00070373935749905937014 0.724030162557028234 -1.5156757289541504622e-05 -0.0033164780093834365426 -83095035086
49334.67786175056262 1411 -3.2878141317447299487e-06 0.48648690877839695368 -0.00071941267241875462828 0.73873823159374296665 -1.5217569830037696714e-05 -0.0033297845134988997347 -83076175673
49338.667721410363093 1411 -2.7720041924334130289e-06 0.46289254953256731007 -0.00060654734851944082074 0.79756390838883817196 -1.4658535726401423128e-05 -0.0032074612305045616336 -83000745883
49339.665653047926348 1411 -2.8622143998842649613e-06 0.46289254953256731007 -0.00062628641034628086386 0.81227720878086984158 -1.4737944448311443517e-05 -0.00322483679936384195 -82981879463
49340.66277596850686 1411 -2.6220053437548453074e-06 0.53166673058670910201 -0.00057372582386399441061 0.82697858568280935287 -1.4486946276429682578e-05 -0.0031699154265702234167 -82963028275
49348.649187316466573 1397 -3.0883498288901398494e-06 0.46289254953256731007 -0.00067576752052794032387 0.94472860498353838921 -1.4867008959530405135e-05 -0.0032530776430398744726 -82812038802
49363.617713938038023 1407 -3.1996068989735251256e-06 0.49836684521821905669 -0.00070011188517476253805 0.16542150732129812241 -1.4817201274538871625e-05 -0.0032421791316487406744 -82529044972
49373.578795083332512 1407 -3.5297368691127825368e-06 0.52141107814541143295 -0.00077234823265264563856 0.312285655178129673 -1.5040619872360322111e-05 -0.0032910657669894941578 -82340726456
