# Mean DMX value = -2.025664e-02
# Uncertainty in average DM = 3.23950e-03
# Columns: DMXEP DMX_value DMX_var_err DMXR1 DMXR2 DMXF1 DMXF2 DMX_bin
49056.9551 -4.1279307e-03 3.631e-03 48738.3260 49375.5846 1397.00 1414.00 DX001
53343.6904 +1.9798942e-04 2.342e-05 53341.6777 53354.6661 1362.00 1442.00 DX002
53358.6442 +2.2308112e-04 3.997e-05 53358.6441 53358.6833 1362.00 2380.00 DX003
53393.5614 +1.2688332e-04 2.541e-05 53393.5614 53394.6067 1370.00 2382.00 DX004
53420.4873 +1.0129632e-04 2.660e-05 53420.4873 53421.4904 1382.00 2382.00 DX005
53448.4022 +1.3230592e-04 2.502e-05 53448.4022 53448.4418 1382.00 2382.00 DX006
53477.3270 +1.5990462e-04 3.389e-05 53477.3270 53477.3375 1382.00 1442.00 DX007
53505.2840 +1.3797292e-04 3.182e-05 53505.2840 53505.3012 1382.00 2382.00 DX008
53569.0473 +2.0998062e-04 2.202e-05 53569.0473 53569.0948 1414.00 2382.00 DX009
53628.9039 +1.1740402e-04 2.760e-05 53628.9039 53628.9440 1382.00 2382.00 DX010
53686.7379 +6.7428215e-05 2.478e-05 53686.7379 53686.7773 1382.00 2382.00 DX011
53715.6715 -1.1922938e-04 1.309e-04 53715.6715 53715.7130 1382.00 2382.00 DX012
53750.5704 +5.8789915e-05 2.591e-05 53750.5704 53750.6087 1382.00 2382.00 DX013
53798.4323 +3.1751415e-05 3.342e-05 53798.3430 53800.3560  792.00 1442.00 DX014
53851.3003 +7.4953015e-05 2.439e-05 53838.2389 53851.3108  792.00 1442.00 DX015
53891.1867 +6.2317715e-05 2.711e-05 53889.0975 53891.2299  792.00 2378.00 DX016
53968.0080 +1.2718922e-04 2.867e-05 53958.9709 53968.0185 1382.00 2378.00 DX017
54008.9031 +5.8947915e-05 2.931e-05 54008.9031 54013.7674  824.00 2378.00 DX018
54043.7722 +2.7234315e-05 2.302e-05 54035.6973 54043.8090  824.00 2378.00 DX019
54092.6761 +1.4068315e-05 3.720e-05 54092.6761 54101.5262  824.00 1442.00 DX020
54135.5224 -7.7802285e-05 2.575e-05 54133.4659 54135.5603  824.00 2374.00 DX021
54177.4532 -1.4585378e-04 4.054e-05 54177.4532 54184.2962 1388.00 1442.00 DX022
54198.3661 -9.7391185e-05 6.519e-05 54198.3661 54198.3661 1370.00 1430.00 DX023
54472.5963 -8.4760085e-05 3.876e-05 54462.5454 54472.6146  824.00 1434.00 DX024
54519.4718 -7.9491985e-05 2.727e-05 54519.4718 54529.3628  824.00 2378.00 DX025
54569.3672 -1.4157888e-04 3.123e-05 54569.3672 54581.2406  824.00 1442.00 DX026
54644.1796 -1.0535368e-04 2.826e-05 54641.0554 54644.1796  824.00 1438.00 DX027
54678.0368 -4.7222785e-05 2.613e-05 54672.9558 54678.0747  828.00 2378.00 DX028
54819.6526 -2.9255638e-04 3.195e-05 54819.6526 54827.5451  828.00 2378.00 DX029
54862.5252 -3.4105178e-04 2.639e-05 54850.4701 54862.5645  832.00 2374.00 DX030
54999.1375 -1.2646638e-04 2.743e-05 54999.1375 55005.0586  828.00 2378.00 DX031
55041.0312 -1.0501328e-04 3.352e-05 55029.9757 55041.0503  828.00 2346.00 DX032
55135.7647 -1.8699485e-05 3.212e-05 55122.6262 55135.7647  828.00 1442.00 DX033
55170.6627 -5.9352850e-06 3.048e-05 55157.5883 55170.6823  828.00 2378.00 DX034
55205.5698 +2.6237415e-05 2.616e-05 55205.5698 55216.3826  828.00 2378.00 DX035
55298.3393 -1.1423685e-05 2.980e-05 55298.3393 55307.1345  728.59 2378.00 DX036
55330.2525 -5.1209585e-05 2.633e-05 55330.2525 55340.0448  725.47 2378.00 DX037
55358.1727 -7.5430285e-05 2.568e-05 55358.1727 55365.0176  728.59 1879.56 DX038
55423.9935 +3.1284315e-05 2.940e-05 55423.9935 55430.8413  725.42 2366.00 DX039
55500.7683 +6.8834315e-05 3.123e-05 55492.6128 55500.7847  737.97 2378.00 DX040
55528.6916 +8.3539215e-05 2.887e-05 55520.5365 55528.6916  728.59 1842.97 DX041
55609.4547 -1.2555385e-05 2.628e-05 55609.4547 55617.2856  725.47 2370.00 DX042
55638.3826 -1.3212485e-05 2.715e-05 55638.3825 55641.2649  725.42 2370.00 DX043
55677.2708 -2.2106385e-05 2.611e-05 55670.1715 55677.3029  725.47 2370.00 DX044
55701.2092 -3.4612585e-05 2.881e-05 55700.0853 55704.0757  725.47 2370.00 DX045
55731.1351 -3.3681485e-05 2.597e-05 55731.0048 55732.0160  725.47 2370.00 DX046
55758.0582 -7.3886385e-05 4.059e-05 55758.0582 55765.8788  725.43 2370.00 DX047
55788.9775 -3.9427085e-05 2.575e-05 55788.9775 55800.7833  725.47 2370.00 DX048
55817.9005 -5.5834385e-05 2.616e-05 55817.9004 55828.7095  725.47 2370.00 DX049
55843.8461 -1.3139648e-04 2.992e-05 55843.8461 55843.8626 1386.00 2370.00 DX050
55912.6415 -1.0644785e-05 3.121e-05 55912.6415 55919.4610  725.47 2366.00 DX051
55954.5188 -2.3509885e-05 3.000e-05 55948.3818 55954.5523  725.47 2366.00 DX052
55989.4374 -1.0289318e-04 2.510e-05 55989.4374 56003.3420  725.47 2394.06 DX053
56057.2604 -9.3354885e-05 2.509e-05 56044.3009 56057.2811 1153.32 2385.17 DX054
56106.1276 -5.4647385e-05 2.518e-05 56094.0955 56106.1525  725.47 2396.41 DX055
56140.0375 -1.0092748e-04 2.524e-05 56138.0014 56151.9009  725.47 2396.41 DX056
56165.9502 -5.8078285e-05 2.636e-05 56165.9501 56174.8538  725.47 2396.41 DX057
56023.3465 -5.0044685e-05 2.521e-05 56023.3465 56035.2559  728.59 2386.36 DX058
56038.3300 -3.1748185e-05 2.583e-05 56038.3300 56038.3514 1153.28 1758.60 DX059
56201.8649 -7.6111485e-05 2.543e-05 56193.7876 56201.8842  725.50 2397.97 DX060
56235.7606 -9.5851850e-06 2.530e-05 56234.8167 56235.7825  725.47 2397.97 DX061
56277.6479 +1.0964862e-04 2.616e-05 56269.5099 56277.6663  725.50 2388.55 DX062
56299.5775 -1.5126885e-05 2.682e-05 56288.5019 56299.5965  725.47 2388.59 DX063
56341.4802 -1.3855628e-04 2.465e-05 56332.4194 56341.5004  725.47 2396.45 DX064
56360.4192 -8.9583085e-05 2.643e-05 56352.3393 56360.4505  725.47 2388.59 DX065
56380.3557 -1.1957848e-04 2.383e-05 56367.3020 56380.3923  725.47 2397.84 DX066
56399.3106 -1.5795738e-04 2.476e-05 56387.2872 56399.3444  725.47 2396.40 DX067
56417.2597 -1.5111818e-04 2.384e-05 56407.1430 56417.2953  725.47 2388.59 DX068
56438.2014 -1.4669418e-04 2.416e-05 56438.2014 56451.1663  728.59 2394.06 DX069
56458.1507 -1.4583968e-04 2.448e-05 56458.1507 56471.9757  725.47 2394.06 DX070
56479.0832 -1.4564408e-04 2.502e-05 56479.0832 56493.0242  725.47 2394.06 DX071
56519.0183 -1.0134778e-04 2.500e-05 56506.2017 56519.0346 1156.25 2389.37 DX072
56537.9236 -1.1094028e-04 2.477e-05 56530.0987 56543.0978 1156.74 2397.50 DX073
56557.8673 -1.1744618e-04 2.487e-05 56548.7394 56557.9006  725.47 2388.59 DX074
56577.8135 -8.5789385e-05 2.498e-05 56565.0038 56577.8554 1153.44 2389.37 DX075
56598.7830 -1.7384118e-04 2.429e-05 56585.7243 56598.9220  725.47 2394.06 DX076
53659.8578 -2.7921398e-04 8.660e-05 53659.8578 53659.8578 2322.00 2382.00 DX077
54925.3891 -1.4317728e-04 3.965e-05 54913.2982 54925.3995  832.00 2374.00 DX078
54981.2621 -1.6566668e-04 3.693e-05 54973.1341 54981.2621  828.00 2370.00 DX079
55108.8566 -7.9360485e-05 8.020e-05 55108.8566 55118.6493 1388.00 2378.00 DX080
56319.5429 -2.8849985e-05 2.596e-05 56310.3760 56319.5429  725.47 2396.41 DX081
51023.0578 -2.9783128e-04 7.179e-05 51023.0577 51035.0387 1408.00 1420.00 DX082
51138.7366 -2.8530458e-04 8.482e-05 51138.7366 51138.7424 1419.56 1420.00 DX083
51222.5322 -3.4836118e-04 1.148e-04 51222.5322 51222.5322 1420.00 1420.00 DX084
51250.4460 -1.7733708e-04 7.947e-05 51250.4460 51250.4481 1419.56 1420.00 DX085
51281.3339 -1.2557068e-04 8.024e-05 51281.3224 51281.3340 1419.56 1420.00 DX086
51307.2666 -6.1333985e-05 1.305e-04 51307.2666 51307.2752 1419.56 1420.00 DX087
51342.1824 +1.5622302e-04 1.331e-04 51342.1776 51342.1824 1419.56 1420.00 DX088
51364.0954 +3.9892215e-05 9.261e-05 51364.0954 51371.0715 1409.12 1420.00 DX089
51398.0170 +6.8272015e-05 1.170e-04 51398.0020 51398.0171 1419.12 1420.00 DX090
51474.8112 +6.0618150e-06 1.066e-04 51474.8112 51474.8447 1420.00 2380.00 DX091
51503.7512 -7.4535085e-05 1.768e-04 51503.7511 51503.7512 1410.00 1410.00 DX092
51534.6450 +3.7909222e-04 8.182e-05 51534.6450 51534.6772 1409.12 2380.00 DX093
51558.5779 +6.6631150e-06 1.116e-04 51558.5773 51558.6046 1409.12 2380.00 DX094
51587.4848 +1.3319642e-04 7.261e-05 51587.4844 51587.5123 1409.12 2380.00 DX095
51621.3872 +8.7141115e-05 7.322e-05 51621.3872 51621.4457 1409.12 2378.25 DX096
51657.3051 +2.2383872e-04 5.645e-05 51657.3040 51661.3399 1409.12 2380.00 DX097
51685.2287 +2.5318715e-05 9.196e-05 51678.2489 51685.2628 1465.00 2380.00 DX098
51745.0918 +2.7681892e-04 1.190e-04 51745.0918 51745.0918 1410.00 1410.00 DX099
51763.0160 +2.7087262e-04 1.153e-04 51763.0160 51763.0495 1410.00 2380.00 DX100
51797.8914 +1.9985232e-04 5.765e-05 51786.9294 51797.9400 1409.12 2380.00 DX101
51833.8057 +1.1383522e-04 6.856e-05 51833.7952 51833.8477 1409.12 2350.00 DX102
51860.7366 +2.1544332e-04 5.889e-05 51860.7267 51860.7888 1409.12 2380.00 DX103
51908.6263 +3.1230692e-04 6.750e-05 51908.5934 51908.6279 1409.12 2378.25 DX104
51936.5318 +2.9670112e-04 5.769e-05 51936.5318 51949.5101 1402.12 2380.00 DX105
51957.4875 +2.4912762e-04 9.899e-05 51950.5388 51957.4875 1410.00 2380.00 DX106
52013.3088 +2.8418142e-04 6.273e-05 52013.3088 52023.3233 1409.12 1410.00 DX107
52042.2579 +2.8216342e-04 6.617e-05 52042.2253 52042.2594 1409.12 2380.00 DX108
52075.1832 +3.2781282e-04 4.688e-05 52075.1832 52089.1430 1409.12 2380.00 DX109
52136.0319 +2.9138372e-04 7.176e-05 52135.9820 52136.0320 1409.12 2380.00 DX110
52168.9034 +2.7962792e-04 7.377e-05 52168.9004 52168.9408 1409.12 2380.00 DX111
52209.8075 +3.4198562e-04 4.931e-05 52209.8075 52213.8043 1409.12 2380.00 DX112
52231.7438 +3.8885752e-04 8.328e-05 52231.7438 52231.7598 1410.00 2380.00 DX113
52259.6416 +4.5567202e-04 6.386e-05 52259.6294 52259.6593 1409.12 2380.00 DX114
52278.6120 +6.1546222e-04 1.503e-04 52278.6120 52281.6223 1410.00 2380.00 DX115
52293.5862 -9.4199585e-05 2.295e-04 52293.5862 52293.5863 1410.00 1410.00 DX116
52308.4971 +3.2065142e-04 5.944e-05 52308.4969 52315.5198 1409.12 2380.00 DX117
52328.4493 +2.7392562e-04 6.478e-05 52328.4491 52328.4731 1409.12 2380.00 DX118
52357.3671 +3.4338992e-04 9.751e-05 52357.3671 52357.4162 1400.00 2380.00 DX119
52379.3500 +3.4449602e-04 8.490e-05 52379.3500 52385.3342 1409.12 2378.25 DX120
52414.2414 +3.3709662e-04 6.238e-05 52414.2063 52414.2415 1409.12 2378.25 DX121
52462.1126 +3.7855262e-04 5.399e-05 52462.1126 52470.1110 1409.12 2380.00 DX122
52506.9962 +3.7677522e-04 6.220e-05 52506.9962 52509.9755 1409.12 2380.00 DX123
52542.8985 +3.7186272e-04 8.825e-05 52542.8955 52542.8985 1409.12 1410.00 DX124
52574.7843 +3.7062872e-04 1.754e-04 52574.7842 52574.8130 1409.12 2380.00 DX125
52602.7201 +3.4630832e-04 5.836e-05 52602.7188 52606.7203 1409.12 1410.00 DX126
52629.6343 +5.2983515e-05 1.403e-04 52629.6338 52629.6770 1409.12 2378.25 DX127
52723.3843 +3.1491792e-04 5.833e-05 52723.3774 52726.3838 1409.12 2378.25 DX128
52760.2839 +3.7135242e-04 2.226e-04 52760.2839 52760.3086 1410.00 2378.25 DX129
52777.2583 +1.1930172e-04 1.960e-04 52777.2583 52777.2584 1410.00 1410.00 DX130
52795.1733 +3.5363572e-04 5.572e-05 52795.1733 52802.1776 1409.12 2380.00 DX131
52829.0859 +2.5644382e-04 8.236e-05 52829.0854 52829.1122 1409.12 2380.00 DX132
52860.9935 +3.4152912e-04 6.181e-05 52860.9931 52861.0256 1409.12 2380.00 DX133
52878.9426 +2.8987132e-04 9.608e-05 52878.9426 52878.9584 1410.00 2380.00 DX134
52945.7676 +2.8640782e-04 5.955e-05 52945.7652 52945.7983 1409.12 2380.00 DX135
53036.5201 +1.9074052e-04 6.032e-05 53036.5198 53036.5474 1409.12 2380.00 DX136
53084.3838 +1.3766062e-04 6.045e-05 53084.3833 53084.4146 1409.12 2380.00 DX137
53106.3201 +5.7826015e-05 5.401e-05 53106.3201 53119.3202 1409.12 2380.00 DX138
53149.2319 -1.6225638e-04 6.077e-05 53149.1987 53149.2320 1409.12 2380.00 DX139
53178.1284 +1.6157982e-04 2.568e-04 53178.1283 53178.1628 1410.00 2380.00 DX140
53198.0708 +6.1333015e-05 1.320e-04 53198.0708 53198.1162 1410.00 2380.00 DX141
53228.0117 -2.2495385e-05 1.808e-04 53227.9862 53228.0117 1410.00 2380.00 DX142
53254.9215 +2.0122682e-04 1.826e-04 53254.9215 53254.9216 1410.00 1410.00 DX143
53279.8553 +2.0252122e-04 1.458e-04 53279.8553 53279.9029 1410.00 2380.00 DX144
53336.6943 +1.2137572e-04 1.863e-04 53336.6943 53336.7274 1410.00 2380.00 DX145
50858.5051 -4.9121408e-04 8.154e-05 50858.5051 50865.4685 1419.56 1429.56 DX146
50873.4661 -5.6665378e-04 1.079e-04 50873.4661 50873.4662 1399.12 1399.12 DX147
50893.4339 -5.5378518e-04 8.110e-05 50893.4318 50900.4190 1419.12 1419.12 DX148
50970.2323 -4.3170518e-04 7.414e-05 50970.2323 50984.1685 1419.12 1419.56 DX149
50985.1440 -4.2242608e-04 9.070e-05 50985.1440 50986.1349 1409.12 1419.12 DX150
51011.0673 -4.2188838e-04 7.625e-05 51011.0673 51020.0535 1409.12 1419.12 DX151
51038.0297 -3.4612738e-04 7.421e-05 51038.0297 51044.9926 1419.12 1419.12 DX152
51055.9500 -3.1718248e-04 7.344e-05 51055.9500 51068.9189 1419.12 1419.12 DX153
51072.9065 -3.4004838e-04 1.062e-04 51072.9065 51072.9066 1419.12 1419.12 DX154
51720.1163 +2.1357492e-04 6.896e-05 51720.1163 51720.1607 1409.12 2380.00 DX155
51985.4262 +1.1510602e-04 1.658e-04 51985.4262 51985.4263 1409.12 1409.12 DX156
52114.0725 +4.1042162e-04 8.956e-05 52114.0725 52114.0726 1409.12 1409.12 DX157
52444.1630 +3.2087052e-04 9.751e-05 52444.1630 52444.1979 1409.12 2378.25 DX158
52664.5334 +3.0631382e-04 1.109e-04 52664.5334 52664.5334 1409.12 1409.12 DX159
52706.4164 +2.8425182e-04 1.180e-04 52706.4164 52706.4439 1409.12 2380.00 DX160
52896.8883 +3.2845352e-04 5.995e-05 52896.8883 52896.9374 1409.12 2378.25 DX161
52917.8314 +2.5200932e-04 8.698e-05 52917.8314 52917.8646 1409.12 2380.00 DX162
52980.6552 +8.8265315e-05 7.767e-05 52980.6552 52980.7059 1409.12 2378.25 DX163
53057.4787 +2.3283132e-04 8.126e-05 53057.4787 53057.5030 1409.12 2380.00 DX164
53015.5990 +9.3738615e-05 4.281e-04 53015.5984 53015.5990 2378.25 2380.00 DX165
53858.1889 +1.0844932e-04 4.187e-05 53858.1889 53859.1901  792.00 1432.00 DX166
53918.0185 +3.3239415e-05 3.047e-05 53918.0185 53919.0300  792.00 1432.00 DX167
53979.8480 +1.1471432e-04 2.486e-05 53979.8480 53981.8553  792.00 1432.00 DX168
54064.6156 +4.4425615e-05 4.356e-05 54064.6156 54072.6049  824.00 1432.00 DX169
54157.3627 -1.5695178e-04 6.777e-05 54157.3627 54157.3731 1388.00 1432.00 DX170
54218.2358 -1.3002338e-04 2.831e-05 54218.2358 54220.2007  824.00 1432.00 DX171
54356.9949 -4.8968385e-05 5.046e-05 54356.9634 54356.9950  792.00 1432.00 DX172
54374.7703 -5.7303850e-06 5.314e-05 54373.7696 54374.7808  824.00 1432.00 DX173
54401.6944 -5.2273485e-05 3.368e-05 54400.6975 54401.7059  824.00 1432.00 DX174
54429.6189 -9.3747385e-05 3.667e-05 54428.6345 54429.6189  824.00 1432.00 DX175
54494.4516 -1.1682708e-04 3.507e-05 54494.4516 54494.4517 1388.00 1432.00 DX176
54551.2935 -1.4108498e-04 3.049e-05 54551.2935 54552.3002  824.00 1432.00 DX177
54614.1202 -1.5029928e-04 4.348e-05 54614.1202 54614.1314 1388.00 1432.00 DX178
54710.8521 -5.1694785e-05 2.921e-05 54707.8603 54710.8640  824.00 1432.00 DX179
54730.9282 -2.3056388e-04 6.780e-05 54730.9282 54733.8011 1388.00 1438.00 DX180
54751.8637 -7.1338998e-04 2.879e-05 54751.8637 54765.7141  824.00 1438.00 DX181
54784.6500 -4.7123588e-04 3.116e-05 54784.6500 54796.6291  824.00 1432.00 DX182
54882.3834 -2.3496618e-04 3.049e-05 54882.3834 54885.3867  828.00 1428.00 DX183
54942.2187 -1.4433558e-04 4.103e-05 54942.2187 54948.2150  828.00 1428.00 DX184
55072.8610 -1.1894948e-04 2.597e-05 55065.8802 55072.8729  828.00 1428.00 DX185
55094.7023 -4.0029785e-05 2.864e-05 55094.7023 55100.6993  828.00 1428.00 DX186
55154.5385 +2.5741915e-05 1.071e-04 55154.5385 55154.5511 1388.00 1428.00 DX187
55245.2912 -1.1032885e-05 3.594e-05 55243.2973 55245.3038  828.00 1428.00 DX188
55275.2081 -5.7774885e-05 2.741e-05 55275.2081 55278.2139  725.47 1879.02 DX189
55389.9483 -1.5493685e-05 2.712e-05 55389.9483 55395.9368  725.47 1880.12 DX190
55463.7398 -3.6717850e-06 3.262e-05 55461.7371 55463.7559  728.59 1879.08 DX191
55543.5209 +4.8599715e-05 3.021e-05 55542.5212 55543.5335  725.47 1879.16 DX192
55579.4204 -2.9531885e-05 3.380e-05 55578.4234 55579.4341  836.00 1878.91 DX193
55773.8429 -2.6941485e-05 2.862e-05 55773.8429 55773.8565 1157.01 1879.69 DX194
55863.6236 -8.5319850e-06 2.902e-05 55863.6236 55865.6081  725.47 1880.75 DX195
55892.5346 +5.7025115e-05 2.692e-05 55892.5346 55893.5371  725.47 1805.47 DX196
55977.4257 +1.8365615e-05 2.856e-05 55976.4230 55977.4258  725.50 1878.91 DX197
56066.1634 -5.6920985e-05 3.073e-05 56066.1634 56068.2008  725.46 1878.93 DX198
56214.7321 -7.2653585e-05 2.746e-05 56213.7361 56214.7321  728.59 1880.45 DX199
56250.6475 +9.9535150e-06 2.903e-05 56249.6424 56250.6475  728.59 1879.61 DX200
56432.2260 -1.8226648e-04 2.837e-05 56431.1684 56432.2260  725.47 1878.91 DX201
56502.1807 -1.0083808e-04 2.747e-05 56502.1807 56502.1808 1156.86 1879.59 DX202
56520.8646 -9.4199485e-05 2.541e-05 56520.8646 56522.9609  725.47 1880.20 DX203
56584.6790 -1.1090268e-04 2.630e-05 56584.6790 56584.6900 1157.03 1879.48 DX204
55186.4549 +2.3948150e-06 5.802e-05 55186.4549 55186.4653  828.00  880.00 DX205
56130.0064 +2.0491915e-05 3.739e-05 56130.0064 56130.0064  725.47  916.04 DX206
